ID,radius1_0,texture1_0,perimeter1_0,area1_0,smoothness1_0,compactness1_0,concavity1_0,concave_points1_0,symmetry1_0,fractal_dimension1_0,radius2_0,texture2_0,perimeter2_0,area2_0,smoothness2_0,compactness2_0,concavity2_0,concave_points2_0,symmetry2_0,fractal_dimension2_0,radius3_0,texture3_0,perimeter3_0,area3_0,smoothness3_0,compactness3_0,concavity3_0,concave_points3_0,symmetry3_0,fractal_dimension3_0
0,1.097063981469984,-2.073335014697587,1.2699336881399386,0.9843749048031144,1.5684663292434209,3.2835146709868286,2.652873983743169,2.5324752164032427,2.2175150059646422,2.255746885296271,2.489733926737622,-0.565265059068463,2.833030865855181,2.4875775569611034,-0.2140016466689533,1.3168615683959486,0.7240261580803589,0.6608199414286064,1.1487566671861764,0.907083080997336,1.8866896251792773,-1.3592934737640852,2.303600623622561,2.0012374893299203,1.3076862710715431,2.616665023512604,2.109526346572256,2.29607612756179,2.750622244124958,1.937014612378176
1,1.8298206075464487,-0.3536324082438046,1.6859547105508974,1.9087082542365932,-0.8269624468508493,-0.487071672575893,-0.0238458551987689,0.5481441558908354,0.0013923632994629,-0.8686524574634644,0.4992546006760577,-0.8762436030602541,0.2633269658427759,0.7424019483418792,-0.6053508469797807,-0.6929262695890703,-0.4407800577847937,0.2601620674590055,-0.8054503802819916,-0.0994437403202744,1.8059274384794293,-0.3692032217294107,1.5351259923434375,1.8904889885289904,-0.3756119566608037,-0.430444218692793,-0.1467489683154702,1.087084295170028,-0.2438896675666768,0.2811899865404717
2,-0.7689092872596179,0.2537321117621995,-0.5926871666544724,-0.7644637923250276,3.283553480279424,3.40290899127455,1.915897180056998,1.4517073568494945,2.867382930831861,4.91091928501904,0.3263734407153162,-0.1104090440232939,0.286593404544487,-0.2883781482770145,0.6897016600113297,2.744280405496543,0.8195183841461614,1.115007005037871,4.7326803725800906,2.0475108774169506,-0.2814644639166415,0.1339840938605798,-0.2499393042673333,-0.5500212283270548,3.3942746991980965,3.8933974345995,1.9895882583898328,2.175786008218025,6.046041349536011,4.935010337204807
3,-0.4763746652213395,-0.8353353034209806,-0.3871480674633158,-0.5056504544836534,2.2374214835894137,1.244335486390182,0.8663015959315473,0.8246556464496944,1.005401797785335,1.8900050384577904,-0.2550702935159039,-0.5926616519172148,-0.3213041853640533,-0.2892582166626016,0.156346702177153,0.4455436486466036,0.1600251978792133,-0.0691235536577112,0.1341188073483046,0.4868458399286154,-0.1654982471168596,-0.3138363326353665,-0.1150094562171616,-0.244320207862266,2.048512834839165,1.7216164423470526,1.2632431963570847,0.905887786285117,1.7540693875058078,2.241801608432639
4,1.170907672469938,0.1606494267038084,1.1381250473760702,1.095294906735132,-0.1231362259485216,0.0882952423344619,0.300072399232291,0.6469351082080397,-0.0643246178668849,-0.7623321531499525,0.1498830707345175,-0.8049398878976088,0.1554102927156897,0.2986274649095827,-0.9090298260966148,-0.6515680104091783,-0.3101413874031056,-0.2280890259209538,-0.8296660809941125,-0.611217806176241,1.368983300180252,0.3228828919461426,1.3683252971820767,1.2752195396349362,0.5186402268220053,0.0212149800474642,0.509552250218744,1.1967157963440924,0.2624756637998718,-0.01473047871968
5,-0.1185167780677167,0.3584501324528898,-0.0728668396419674,-0.218964911028593,1.6040490502192717,1.1401023496310596,0.0610257494506094,0.2819502582632775,1.4033546281815528,1.6603531811406054,0.6436230014783472,0.2905609572730061,0.4900509855317917,0.233722421472534,0.5880308711741898,0.2689327040405786,-0.2325539537246412,0.4353485062797217,-0.6880042318282045,0.6116687828203148,0.1637629755825202,0.401047911843617,0.0994485804188725,0.0288594274466941,1.447961123382571,0.7247855065358089,-0.0210538519002919,0.6241957346573134,0.4776404851153698,1.726434506013273
6,-0.4735345232598024,1.1054386800464815,-0.3294817871291233,-0.5090633776200234,1.5826994176337603,2.563358453378348,1.738872087519093,0.9417603262199572,0.7972980240919001,2.78309559469129,-0.388250143256016,0.6933453024665743,-0.4094196340641511,-0.3607637729915537,0.0360084898158168,2.6095866154647327,1.509847601746858,0.4093949597877637,-0.3211363660395708,2.3773460477247137,-0.2441896085167117,2.443109056665132,-0.2862780271417725,-0.2974091717382673,2.320295361191782,5.112877271198196,3.9954328451526617,1.6200152036550617,2.3704438004471973,6.846856039728261
7,0.5375560150472571,0.9192733099296984,0.4420106633418922,0.4064532537111668,-1.0176858312814092,-0.7135418515343496,-0.7006843473064609,-0.4046855513147839,-1.0354755617695834,-0.8261243357380594,-0.0926558426133284,-0.0541643832079756,-0.1980415633060511,0.0038045557379034,-1.004033677960828,-0.9059213043655138,-0.6924418618957106,-0.6821138798646436,-0.7194846427539618,-0.2847868979473428,0.6048487644816906,1.335771274784247,0.4926216475849359,0.4736113433615393,-0.6254765373398238,-0.6308282294014986,-0.6058719698777824,-0.2262097293109465,0.0764308934894783,0.0318188079504558
8,0.4693926079703766,-0.325707602726287,0.4790818435567298,0.3586723298019902,0.0526424156721808,0.4711151264316021,0.1348489795302465,0.4421308885217207,0.1109206652433763,-0.2803467735953654,0.3631873829199002,-0.4208432848459043,0.3455020472147773,0.3041278923195021,-0.4233434676188677,0.8457127509817742,-0.1320881742179115,0.1660804614256578,-0.0559744432418453,0.1320460810425131,0.8595602763812112,0.2610022511939757,0.8709017955401637,0.735540337319294,0.3169951266249016,1.9506267402998587,0.5963874260628176,1.0109513082435948,1.4418377295066254,1.15565158612946
9,1.4322007329313136,1.2822957816574256,1.6653596104315431,1.331355423667374,0.0739920482576908,2.6808576257249936,1.4777286885979282,1.6219476402159556,2.137194251205772,2.1550969972128127,1.986249128939638,4.265788436187908,4.06120181093913,1.6691139583650985,-1.3007123732560886,3.213193641333426,1.8901586548630924,4.720927870764281,2.941929304918739,3.4213197519098344,0.9713848425810008,0.6941667364591456,1.3236465395495696,0.7935514567864477,-1.2567133727394535,0.8653723838901703,0.439988159072939,0.9454769394868622,0.4452848728874753,1.0171120424683402
10,0.4892736017011335,1.0844950759083436,0.483200863580601,0.3635073042451809,-0.878913219475591,-0.0784777764801337,0.1328401841539298,0.1217696280048341,0.1291753822340285,-1.3350441923854033,-0.0067566441359663,-0.2519278680102231,0.0182868135587958,-0.0826621631460293,0.9093772332692812,0.3231455572898966,0.6172605442151214,1.3177690870062928,1.122119396402843,-0.2999169516311852,0.1182048189826062,0.3228828919461426,0.1411487542092127,-0.0071777831313861,-0.8446559940758059,-0.3935481151337297,-0.191845689472061,-0.0412065710797136,-0.1484406114943887,-1.167933640154842
11,-0.1128364941446435,0.7726680809627321,0.067179841169642,-0.2178272699831365,1.1912894868994035,2.368158215447627,1.556825006540396,0.8081474977596133,0.9396848166189868,1.9878197184262207,-0.6968375999709093,-0.0868225733588055,-0.3985289606293077,-0.4648318595872286,-0.2040012412095627,1.8936416153371445,0.7664671474429379,0.7273259043142488,-0.1128813399153299,1.625760630979846,-0.2566145603166884,1.031253384767003,0.045834071259864,-0.3214925758806917,1.4348103559784129,3.2966983804891328,2.025089932491831,1.616969884178004,1.1247527296732591,3.2780773950178155
12,0.1172150047398276,1.919912174307407,0.1961051679168009,0.011122990415002,1.248221840460764,1.045344952577312,0.9428869196536196,0.6376492745698691,1.7940055717815109,1.1301692636305585,-0.1269433378038722,-0.333573343387298,0.0064060789026028,-0.1713290529939299,-0.4780123507968709,0.9457550265655668,0.5144737731026258,-0.1453620964778378,-0.2388029836183592,0.632094355293502,0.2465959875823647,1.865013597006729,0.5015573991114373,0.1100749947007094,1.5531672626158437,2.5664099859062937,2.0649093777683944,0.8617306538677855,2.1310122699607783,2.779335037837784
13,0.5687975766241605,0.3235441255559933,0.6644377446309193,0.4092973563248083,1.468834710511039,1.8545731234163156,1.0470931798000458,1.38980179926169,1.2865244394413793,1.5256807956768228,0.5920112981915289,-0.2609995874965649,0.4890609243104424,0.3045679265122957,-0.0049931725676854,-0.0261640641618935,-0.000454793148038,0.1904119112618685,-0.4422148696001761,0.1312895783583209,0.9713848425810008,0.9449461752968754,0.8798375470666654,0.7636669406973079,2.039745656569725,1.0752984903469098,0.9893046029484324,1.4114108194766344,1.3027085969266792,1.6765602702952702
14,-0.1667991914138409,-1.147162298366592,-0.1857279882960298,-0.2519565013468342,0.1017465706188545,-0.4368502521374068,-0.2782095697248649,-0.0286092889688735,0.2679112313629853,-0.7283096557696281,-0.4882252608116013,-0.7769989918796767,-0.4000140524613318,-0.3691244226546312,0.4736929020884884,-0.607974169651995,-0.2660425468935511,0.2196096510653212,-0.0898764242388146,-0.5654493937826179,-0.2400479579167196,-1.0450049562596568,-0.2252170583773461,-0.2977607542804924,0.5098730485525658,-0.4896052123306011,-0.1592225294864422,0.2161229247316309,0.1233465312199256,-0.6292918944004077
15,-0.2974457216445281,-0.8330082362945205,-0.2611060547328669,-0.3836384523584343,0.792763011969875,0.429421871727953,-0.5413617640223464,-0.4596267336739602,0.5672885900096821,0.7530865843319705,-0.7939253495104489,-0.8512056572779512,-0.7341597146667592,-0.5647196213513647,-0.9813660922528752,-0.3631779869385805,-0.4944944349468076,-0.8607067216624293,-0.4555335049918426,-0.5181679760206107,-0.3663683012164818,-0.8447070927723794,-0.3327439350795801,-0.4396243100683502,-0.0512263606915487,0.1484429233545791,-0.3990987058512865,-0.6361097309228636,0.4582271177786334,-0.1172497410289089
16,-1.313080487090047,-1.593959186646871,-1.3028062187698115,-1.0835721055756011,0.4298192580161982,-0.7470859700913761,-0.743747898186249,-0.7263365109480833,0.012345193493854,0.8863413657382382,-0.4615171066631777,-0.4355394704137778,-0.4737736134518631,-0.5420578604224968,0.8550416969399245,-0.6236232406930352,-0.3993337791104003,0.3915518965745428,-0.0329695275653304,-0.3127774972624511,-1.2506107043148174,-1.631242605490714,-1.254913492614529,-0.9944215616996748,0.0013767089250861,-0.8871925351653347,-0.8804342413449833,-0.7969025993114909,-0.7292238509850946,-0.3444545926331457
17,1.9973889832771132,0.8727319674005029,1.8630725715773448,2.130548258100628,-0.1480441306316173,-0.0405748176586347,0.262407485926354,0.9647169704921011,-0.1555982028201461,-1.420100435836212,1.0341395256485395,-0.1630250170440752,0.7113296685033859,1.1804559872678595,-0.7710242307570215,-0.7203121439108906,-0.4888577410470901,-0.2297111225767011,-1.1759506011774434,-0.6838420638586841,2.671532413877801,1.6142341581689992,2.404872474256244,3.048953465160939,0.3389130722984999,0.0364823332443181,0.2077880203517697,1.3139605962107994,-0.1274094635462569,-0.4813316617703321
18,0.716484958624068,0.4864388244081782,0.7426991250844662,0.7102034128480764,1.120124044947702,0.7838145367089686,0.7997602490910583,1.1034885954180955,0.6695150051573344,0.0712190326679798,1.4495595989571273,-0.5717966970986291,1.2816049320006486,1.3698907072654831,-0.3310063905438258,-0.3721203132477464,-0.1486666856876689,-0.0804782302479429,-0.7097983624691134,-0.3759454713924928,2.110338757578857,0.9579736786131208,2.077228251617858,2.345788380710591,2.109883082725239,0.6586269760161091,0.9466066435554902,1.4449093337242649,1.15225500006697,0.6480426981551171
19,0.8556519147393662,-0.6724406045687957,0.9898403265167188,0.7332406440185725,1.5826994176337603,2.335940700449353,1.6836302146703848,2.35191734010548,4.484750856203648,1.606484226955092,2.312882635754818,-0.4369909455315925,2.18305567403929,1.5635057520946458,0.329353716624614,0.699282157669184,0.179919411642922,1.9747182325839792,0.3072610674399701,1.3802755099595048,1.2385213062804976,-0.6965192425500845,1.34449662644474,1.0203221965216849,0.9701499076981296,0.8946348108508066,0.5426551625570922,2.1377195147548083,1.8851096170287804,1.2166089853403523
20,1.2731527830852585,0.2234802391182225,1.2411005479728423,1.2488764478717715,-0.1395042775974135,0.0428116917486631,0.7558178502341314,0.7323131897145531,-0.4184661274855384,-0.8232891276230326,1.6159441808817658,1.1469312767836557,1.3692253500900715,1.1705552179300047,1.2363904917913606,0.0973518179834594,0.627207651096976,1.1863792578907553,0.2890992919058793,0.1596584290155254,1.0438637280808638,0.2577453753649143,0.9721736461738468,0.9183632592763844,0.0627469568111618,-0.2707731498423639,0.3473959549961091,0.5237001919144215,-0.9055619376271192,-0.5395182701080022
21,0.3330657938166161,1.3916679366010354,0.4296536032702797,0.2204489427790145,0.8425788213360664,1.2386500425669569,0.9981287925023276,0.9954118094627208,0.4175999106863332,0.3689158847458137,0.1220921535800769,-0.3716745652299327,0.3128300269102467,0.0695896675605393,-0.6026840721906098,0.2845817750816187,0.1281944558572791,-0.1567167730680695,-0.3465628517872977,-0.3131557486045472,0.8284978968812693,1.7966192045964389,1.252160527337559,0.6828029559855179,1.390974464631216,2.2693327382841813,1.7334005020321794,1.3368004922887295,1.8220161731843856,0.8209400486441945
22,0.9777780190854436,-0.9865946666408664,0.9486501262780102,0.8538305948369709,0.1501390711460115,0.2152701543864835,0.124930552359683,0.789575830483272,-0.2651265047640595,-0.1853673017419609,0.7042577298153084,-0.7154927337622804,0.8855804434608829,0.4568197572188645,-0.4713454138239437,0.27116828561787,0.0721590870894993,0.2828714206394687,-0.1564696011971477,-0.0200109584801021,0.774656439081371,-1.0026655704818586,0.8232444540654894,0.6089706221182314,-0.3010909413705693,0.1713439531498597,-0.1117270465662029,0.471929760804447,-0.2341829838983086,-0.2635474991350516
23,1.278833067008332,1.3544348625776788,1.352314088617356,1.2318118321899227,0.7144810258230031,1.5987281513711975,1.7966249545881967,1.946951817551928,1.355892364005857,-0.1173223069813141,1.5358197184364952,0.452037564129887,1.340513574670939,1.422694810400709,-0.2643370208145538,0.4617516150819666,0.6653382274774178,-0.0350595238870164,-0.0571852282774513,0.2893986393544732,1.4248955832801466,1.3569409676731456,1.5857619176602786,1.387725953146992,0.733436094423269,1.0905658435437635,1.6364905267807823,1.0688123783076842,0.8788500767412613,0.7688491802276136
24,-0.6496233248750772,-0.1372151654830445,-0.5782705965709241,-0.6094601998815673,1.0347255146056598,0.895628265232391,0.4143226362603007,0.0748245801674159,1.7867036849852498,2.1536793931553,0.2790927894525665,-0.3390163750791028,0.3014443228647284,0.0145853934613454,-0.4966797743210669,0.484107430854881,0.3367521301468267,-0.219978542642217,0.2648835911937584,0.7081228750548096,0.114063168382614,0.3977910360145556,0.3615639585295818,0.0142687519443495,1.3734401080923382,2.056225933244764,2.0313267130773163,0.6089691372720267,3.009467141948114,3.117371524370916
25,0.8215702112009257,1.0914762772877231,0.8580316857528507,0.6951296689957764,1.6609814037806323,0.857725306410892,1.919663671387592,1.841196490006096,1.5932036848843365,0.1449344436586823,0.706423255827343,0.3286621791156408,0.560840362858275,0.6037911776119106,0.409023613451094,0.2985541599396903,0.6142764121505652,-0.1096759700513956,0.0578393501051235,0.0223531918346562,0.9548182401810316,1.0442808880832497,0.8589874601714949,0.8146464093199581,1.3602893406881782,0.6465403214019331,1.3750254945431022,1.0672897185691557,1.0179792093212074,0.0484435531897907
26,1.46060215254668,1.6709159917762098,1.4800037093573537,1.4422754255993917,-0.1672587999585772,1.2803432972706057,0.9654858676371818,0.6967174941015656,0.1510810426228108,-0.0265956473004504,0.5436478839227616,-1.1079353187414194,0.3276809452304878,0.6123718443713849,-0.6753536851955162,0.4304534729998863,0.1020004077350625,-0.3492596461052825,-0.6189894847986597,0.0382397482026907,1.6319781132797568,0.8504967762540937,1.6125691722397832,1.6391074708379914,0.8123406988482225,2.5746798022212567,1.6163409279661356,0.972884814780378,1.2477040561392592,1.5712702171128192
27,0.5687975766241605,-0.3280346698527471,0.6191285243683399,0.433187818279397,0.5436839651389198,0.977119626698614,0.585070243247216,0.7377299260034861,0.6804678353517256,0.3334757833079764,-0.2568748985259325,-0.9636949789085876,-0.3381352261269935,-0.1167648130875295,-0.9520315695719952,0.1789505455545975,-0.1741975933510952,-0.4426924134763312,-0.4252638791016912,0.0083578921771021,0.8160729450812929,0.2577453753649143,0.7577156095378117,0.6687396542965109,0.5361745833608844,2.074673985024296,1.22438325578598,1.093174934124143,2.215136861753304,2.180844209221747
28,0.7420462362778981,0.535307234063834,0.7468181451083369,0.6103754111092606,-0.0185230262795206,0.5545016358388997,0.5775372605860287,0.2904622724316005,0.3080716087424198,-0.8842461020961128,0.2032993790313647,-0.5391385069477993,0.07026502767964,0.1067725568515944,-0.421676733375636,-0.0272818549505394,0.1676513131553015,0.0249580523756364,0.8896486695664814,-0.4273876539175568,0.774656439081371,0.5443504483223196,0.7815442802751492,0.6124864475404831,1.0490545121230832,0.8221148831657514,1.2891498234044882,1.0155192874591807,3.1744807643103754,0.1321214375611069
29,0.0348508878552639,0.565559106707811,0.0684155471768033,-0.0622548570169478,0.1330593650776028,0.1034564258630614,0.5411278443902892,0.1821275466529433,0.2679112313629853,-0.2193897991222853,-0.4301169794886799,-0.3589741579490546,-0.1034907166671821,-0.3394221146410665,-0.3876753548137071,0.2499302606336012,0.5390099700778667,-0.0301932339197742,-0.0317587425297244,0.0858994173067941,-0.0785235845170233,0.7625611288694353,0.266249275580233,-0.1423612706169655,0.5361745833608844,1.0784791889295875,1.182165048745767,0.4582258231576889,1.1166638266162856,0.9672378067503372
30,-0.3116464314522117,-0.202373045023918,-0.3855004594537672,-0.3728308624265968,-0.4647303473166893,-1.2637032988284076,-0.7932144843280465,-0.507861480627791,-1.2581831090555402,-0.5908020621908197,-0.7986173225365233,2.041402818136941,-0.8396012347404719,-0.5759404932676003,-0.8963626458480533,-1.150158591684605,-0.612201866382085,-0.0253269439525322,0.7467760353649672,-0.7632748456988564,-0.6148673372160139,-0.4669094966012538,-0.6791532359236195,-0.5883437254295989,-1.5499754858521984,-1.3236479946803916,-1.0739663404361397,-0.9817534915688708,-1.478256274060852,-1.23332430476289
31,0.2450213930089787,1.3753784667158169,0.1470888296327375,0.124887094960661,-0.1772219618318155,-1.005015604871677,-0.8138046369352923,-0.5140520363865714,-0.9003906560387567,-1.0997219188381635,2.9192299191244326,1.7619938579576184,2.5795751931897306,1.444696520040387,-0.0526617719241149,-0.8125298839741631,-0.4547060074193898,1.1961118378252398,-1.5328900296741077,-0.7719746265670657,-0.2648978615166727,-0.0777128350284131,-0.3491261462114993,-0.3195588718984534,-1.6876201846823955,-1.2910776411937703,-1.1907860383258189,-1.303643760293831,-2.1609596920694254,-1.6018394909014688
32,-0.1838400431830606,0.3561230653264304,-0.1470092000716431,-0.2721496299036884,0.3728869044548364,0.4009946526118287,0.2197205841796251,0.141115114751023,-0.3344944293285384,0.1973857937866809,-0.6935893109528578,-1.1347876084209905,-0.6539647557374566,-0.4800130392386061,-0.5580155944719973,-0.1725946574744839,-0.0465430550339635,0.1336385283107102,-0.8199798007092642,-0.2299404533434144,-0.1530732953168833,0.0558190739631054,0.0011553136273568,-0.2464297031156171,1.2550832014549074,1.0702093726146251,1.107323681719936,1.6931028711044376,-0.1516761727171778,1.28310796629769
33,-0.1952006110292076,0.5329801669373738,-0.2384514446015765,-0.2613420399718509,-1.0489986257401576,-0.8344522901749314,-0.7244132426892013,-0.7379438029957964,-0.1008340518481894,-0.9820607820645432,-0.6015544554413984,-0.7082353581732072,-0.6405989292492394,-0.4357896028628542,-1.2537104675969517,-0.8080587208195803,-0.596618065600513,-0.797282742422707,-0.8163474456024461,-0.9489962546680208,-0.0702402833170391,0.7446483118095976,-0.1418167107966661,-0.1629288493371383,-1.0068487920604334,-0.3178474888659963,-0.3055469970689973,-0.0518651892494144,0.1508488016136356,-0.6919117681352341
34,-0.9023959594518424,0.4794576230287994,-0.826647504010338,-0.8071253315296497,1.874477729635737,0.3308741787920556,0.1958661390858649,0.2004412741060019,0.3044206653442898,0.8367252237252655,-0.6084119544795071,0.3830924960336906,-0.5168412765805627,-0.5141156891801064,0.3410208563272366,-0.4380699697778443,-0.1970759391793604,-0.2313332192324484,-0.8441955014213851,-0.2855434006315349,-0.7101253010158348,1.5735232103057315,-0.5969443218798061,-0.6444211409145141,2.5657763527360826,0.0988240254648041,0.6242130625211394,0.4232046491715296,0.1023153832717938,0.6713173414901854
35,1.4037993133159463,1.284622848783885,1.4964797894528374,1.2773174740081863,-0.3949882142040213,2.1729579775169072,1.5304595672262402,1.307518995634567,1.819562175568424,0.089647885415656,2.078644905453103,0.8149063435835521,2.9523332430277853,1.4204946394367417,-0.1643329662206457,4.198526221524634,2.16635665594925,2.365643526619096,3.969885800148278,1.4566822810629083,1.6195531614797805,1.2201521828525663,2.0891425869865268,1.3543256116356004,-0.3361596544483263,3.117943120142636,2.1685358859580077,2.050927909658674,2.862249106311194,1.1002357686650122
36,-0.2406428824137946,0.2304614404976021,-0.1914946163294491,-0.311967066494669,0.5508005093340902,0.7440164299463948,0.1214151604511289,0.3265738476911531,0.5928451937965945,0.7119760666640794,-0.1254996537958492,-0.7111383084088365,-0.2173477571223648,-0.1981711387543366,-0.6563529148226737,-0.2240130337521874,-0.3330197332313708,-0.3627230483479856,-0.4058913185319943,-0.1807677788709268,0.2300293851823955,0.3782497810401869,0.1739131764730512,0.0467901371001781,0.9043960706773349,0.7515033746303028,0.4519819678911812,0.526745511391479,1.3560953571027057,1.0392783694541192
37,-0.271884443990698,0.586502710845949,-0.2697559967829954,-0.3509312723015574,0.0554890333502487,0.006803880868239,-0.0779577806482988,0.0928803677971921,-0.2395699009771461,-0.1456743881315838,-0.7628861433379567,-1.0968678209680829,-0.7584162145898198,-0.5686799290865067,-1.2303761881917064,-0.6504502196205326,-0.5760607113780138,-0.8018246130587997,-1.139627050109262,-0.7848351721983318,-0.0081155243171559,0.686024546886492,-0.0524591955316517,-0.2459023293022792,0.7860391640399038,0.8660085236067062,0.4826861184658814,0.7018513813222758,1.281677448978548,0.6779672395859189
38,1.284513350931405,-0.3931925493936206,1.3070048683547766,1.197682600826225,0.9635600726539584,1.2178034152151322,1.3634784515699183,1.340793232838012,0.3482319861218553,-0.3271277074933102,0.8074811363889456,-1.0043362822073978,0.7063793623966389,0.6869576400498919,-0.2490030657768212,0.8082667595621424,0.7840403696008805,0.836006380249323,0.4525552717126964,-0.0983089862939862,1.3565583483802757,-0.7095467458663299,1.290882117285731,1.2066609439010272,1.5575508517505627,1.6204702274178964,2.2179503782891654,1.8758220397278773,1.453162193786389,0.4380167499648593
39,-0.271884443990698,-0.1465234339888835,-0.2466894846493184,-0.3421145541992687,1.3834361801689967,0.3555111020260299,0.4243666131418839,0.6314587188110888,1.1550904771086827,0.7048880463765108,-0.4261468484666167,-0.5863114482767755,-0.4797139807799596,-0.3539432430032537,-0.1696665157989876,-0.1183818042251662,-0.0942891680668647,0.0573999854905837,-0.376832477677449,-0.0574578413476119,-0.1240817411169377,0.3701075914675332,-0.1328809592701647,-0.2130293616042256,2.0265948891655663,1.0326771293390264,1.0958096252544236,1.4342507155545643,1.616558035537256,1.881598794913728
40,-0.5899803436828065,-1.0843314859521775,-0.5737396745446661,-0.5847165071428865,0.4796350673823887,-0.2543475054118891,-0.2872491489182899,-0.552743009878949,-0.4987868822444075,-0.3356333318383918,-0.5109632839379619,-0.8844081505979614,-0.5039704807030203,-0.4503107312250414,-0.5176806257857879,-0.6264177176646495,-0.2875946118042356,-0.9953407440894612,-0.7582297638933556,-0.5193027300468989,-0.5196093734161934,-0.8105098965672344,-0.5177139916781601,-0.5238283289312794,0.7465868618274276,-0.2459637008974765,0.1574140233151523,-0.7480252217047207,-0.2487430094008613,-0.0518590764208603
41,-0.180999901221524,0.700529000042479,-0.2083825984273196,-0.2670302451991339,-0.6291225182251191,-0.5185311283977371,-0.5183861669057247,-0.3889512220945503,-0.0095604668949282,-0.7963546505302759,-0.6185177425356674,0.2470167037385662,-0.5599089397092621,-0.4430501670439478,-0.8620279204374782,-0.6515680104091783,-0.362861053876934,0.0071149891624152,-0.5003325513092663,-0.695567855463662,-0.231764656716735,1.0003130643909195,-0.2460671452725162,-0.3195588718984534,-0.7087647308994971,-0.5290458747558068,-0.2110357835812486,0.2069869663004591,-0.0481382135879151,-0.81881399012882
42,-0.6723444605673707,0.5376343011902941,-0.7104911393371796,-0.6455803030748141,-0.7109627764695756,-1.0362855458994136,-0.9068369728009572,-0.9742166811225824,-1.1559566939078878,-0.5553619607529824,0.0037100649221996,-0.0124344735708043,-0.1143813901020258,-0.2610960283238144,-0.3946756386352807,-0.8785913195831258,-0.6702266565262357,-0.7057964910385551,0.4259180009293635,-0.7663008564356247,-0.6811337468158892,0.0069659365271839,-0.723236276787693,-0.6400263591366995,-1.0463010942729103,-1.0694465639527766,-1.040863428097791,-1.1793947256298918,-0.7567261213788049,-1.0149859839529656
43,-0.1383977717984736,-0.6864030073275541,-0.196025538355707,-0.2363139369718061,-1.3884577838497731,-0.8291458759399216,-0.8817270305969991,-0.817389268566812,-1.6743906564424105,-0.4632176970146057,-0.7867069294703345,-0.5324254345279064,-0.7014876943622285,-0.567359826508126,-0.8546942897672581,-0.7661415662453656,-0.6997364069424038,-0.6229073519298645,-0.8829406225607789,-0.4705083069165074,-0.331164271116548,-0.4050288558490862,-0.333041793463797,-0.3935669970368523,-1.0287667377340317,-0.6111078981888958,-0.8020906821442252,-0.4377071669925783,-0.8974730345701457,-0.2048067326227365
44,1.1623872465853278,-0.1372151654830445,1.1669581875431665,1.0753861884396416,1.3122707382172951,0.8368786790590672,1.1098680353099413,1.4723425427120955,1.023656514775987,0.0428669515177112,1.546647348496667,0.6824592390829645,0.9954772390306678,1.2865042277311054,-1.0473687682848545,0.2309278172266239,-0.1234673482536376,-0.4175499153122471,0.7504083904717852,0.5034888989808423,0.896835131781141,-0.2519556918831995,0.8292016217498234,0.7742144169640631,-0.1915012130025779,-0.1562680008659608,-0.0474402313004248,0.2724613350571917,0.1945288781212928,-0.225864743259227
45,0.2762629545858821,0.6353711205016047,0.2179359740433166,0.1647045315516416,-0.4127795746919467,-0.6354617563620617,-0.4553602119737897,-0.4018482132586762,-0.7141925427341043,-0.8445531884857346,-0.3416913339972776,-0.6948092133334216,-0.3807078586450182,-0.2294135664426786,-0.7886916137352787,-0.8482991892108265,-0.5259936067393466,-0.4175499153122471,-1.1614211807501709,-0.819256044329073,0.3791288067821154,0.9791433715020204,0.3109280332127402,0.2626618180264349,0.2863100026818638,-0.3089415328344984,-0.0047422719074824,0.5846065814555682,-0.3652232134212812,-0.2890387751686978
46,-0.7405078676442511,-0.1255798298507454,-0.7673336156665974,-0.6993338424726379,-0.0797253063579838,-0.9402015452869136,-0.7337039213046659,-0.6742326666450147,0.3956942502975509,-0.5284274836602266,-0.2897187097084533,-0.4676533573954272,-0.3381352261269935,-0.3711045765222022,0.429024424369876,-0.9364928824349744,-0.6102124450057139,-0.5070896507095018,1.4090754498414777,-0.5329197783623569,-0.7101253010158348,-0.5222763856952981,-0.7580857077410487,-0.6581328600612959,-0.3273924761788874,-1.062767096929153,-0.8704074171729327,-0.7833509276385858,0.6555963523687897,-0.7528691673461263
47,1.44356130077746,-0.1674670381270215,1.3811472287844524,1.413834399462977,0.6361990396761323,0.4237364279047282,0.546149832831081,1.0580911865203728,0.3847414201031598,-0.4518768645544972,1.163349244366589,-0.0432783198243656,0.9756760146036796,1.3676905363015155,-0.1943341825988181,-0.135148666054852,-0.0810263588910588,0.5813372052969853,-0.2448569087963897,-0.448947980417032,2.044072347978981,0.401047911843617,1.8717059665083249,2.22273449093178,1.3164534493409816,0.6160056150082257,0.5551287237280644,1.4388186947701502,1.029303673600971,-0.0557381836433717
48,0.1654974180859517,0.535307234063834,0.1475007316351242,0.0057191954490833,1.2339887520704236,0.6094609261300734,0.5084849195251437,0.8334256004412998,0.7863451938975079,0.677953569283755,0.0629011092511382,-0.1212951074069039,-0.064878329034555,-0.005436162310761,-1.127372011959981,0.1716849054284002,-0.2047020544554488,0.1498594948681842,-0.2872343850426014,0.1184290327270549,0.331499824882205,0.8179280179634795,0.2513563563693973,0.1844347023813337,0.1942546308527515,1.1115584541894374,0.4150410367309953,1.047495141968283,1.2897663520355218,1.41056434646592
49,-1.1239270324517037,-1.0261548077906828,-1.129395475764848,-0.975496206257225,1.2126391194849135,-0.4497372581367165,-0.9787769572152972,-0.929077212048142,3.400420666958905,0.9643095889014794,0.3992794831204725,0.4066789666981791,0.2207543333247509,-0.1257855140397974,0.1576800895717384,-0.8097354070025489,-0.8033521036283874,-0.5844636611886516,2.577483009201317,0.8163027588942822,-1.0870155056151256,-1.3397522187897164,-1.1140264768800228,-0.9000216491122156,-0.2134191586761762,-0.9898654854141764,-1.2018203424386018,-1.3523688719267482,1.0616592858288656,-0.2075775234959594
50,0.0348508878552639,0.6656229931455817,0.1833362058428011,-0.0261347538237009,0.6077328628954509,1.8280410522412665,1.5656134863117817,0.970133706781034,0.5015716088433333,1.434954135995959,1.077089124887221,0.0927974724707586,1.241012421925323,0.4497792101341677,0.7887056740592989,2.5196044569787515,1.2300023281373536,1.084187168578671,-0.4288962342085092,0.8768229736296516,0.2900833188822831,0.6241439061343249,0.35262820700308,0.138728971892061,1.3865908754964968,2.3564838794495557,2.015015133084507,0.972884814780378,-0.0918182900955732,1.621144452830822
51,-0.4110514001059956,1.058897337517286,-0.3822052434346706,-0.4433646072449053,1.1272405891428714,0.4142606881993535,0.3013278963424889,0.511000821338153,0.3409300993255942,0.4397960876214883,0.0733678183093042,-0.0704934782833907,0.0301675482149887,-0.0853023683027906,0.2466836981603166,0.0559935588035674,-0.0717423924679947,0.1790572346716368,-0.5075972615229027,-0.0733443977156464,0.1699754514825087,1.2690053202884872,0.1351915865248784,0.013565586859899,2.311528182922342,0.9658824591027912,0.6246928148738691,0.8678212928219002,0.7801654594461832,1.0614446964398982
52,0.1853784118167081,1.082168008781884,0.2237026020767358,0.038141965244596,1.4830677989013787,0.8255077914126177,0.4758419946599982,1.0671190803352606,0.5161753824358555,0.530522747302352,-0.1713366210505761,0.1163839431352467,-0.2059620530768464,-0.1121444540631972,-0.1126642046804599,-0.1329130844775606,-0.2899156034100016,0.0071149891624152,-0.186739227087299,-0.2159451536858603,0.2155336080824227,1.2559778169722418,0.2185919341055584,0.0782567746293311,1.421659588574254,0.5555723419373462,0.1449404621441804,0.712509999491976,0.6798630615397105,0.2861774101122716
53,-1.3241570407400398,0.4003373407291667,-1.3122799648247148,-1.0963705673369877,0.5721501419196012,-0.5043175188396752,-0.842178871625765,-0.8738780898656833,-0.3454472595229295,0.8778357413931566,-0.613825769509593,1.4408549881411248,-0.5970362355098653,-0.5750604248820133,1.159720716602698,-0.4431000283267501,-0.4891893112764852,-0.3995446424334513,0.2721483014073948,0.1672234558574466,-1.2133358489148878,0.9579736786131208,-1.198320399613353,-0.9666465408638862,0.9833006751022884,-0.5589444414329788,-0.8542877381212153,-0.7527454668941594,-0.0368137493081524,0.4524248625056156
54,-0.8001508488365213,-0.0580948831834118,-0.8307665240342093,-0.7417109714158958,-1.0653666773890484,-1.0865069663378997,-0.6492089657883466,-0.6866137781625755,-1.079286882547148,-0.8686524574634644,-0.478119472755441,-0.497045728531174,-0.5123860010844904,-0.4881536718052868,0.7470373179785038,-0.9088834499554248,-0.3734713012175788,-0.4592377993649543,0.1559129379892135,-0.6237001004654109,-0.815737391315636,-0.2991803914045901,-0.871569752127617,-0.7275704121507678,-0.1476653216553814,-1.0355403170614303,-0.6130682551687276,-0.6851393745034866,-0.8101128815548309,-0.971761646330696
55,-1.4479872302630394,-0.4560233618080356,-1.3666510291398104,-1.1501241067348114,0.7287141142133439,0.7004280273016711,2.8148331109587,-0.1333328572215756,1.0930244393404658,2.503827595361132,-0.2806956846583102,-0.0414639759270975,-0.4856543481080561,-0.498714492432332,0.836040926567082,3.3858923181791907,9.015602884564808,3.4751576391502987,2.5944339996998025,2.180277098492667,-1.2340441019148487,-0.4929645032337452,-1.2438927323985105,-0.9771940171306416,0.6939837922107915,1.159268932929605,4.700668803665304,0.9195917239318748,2.147190076074726,1.859432467927948
56,-0.3826499804906289,-0.6514970004306576,-0.4365763077497659,-0.4334102480971601,0.1387526004337387,-0.985495581078605,-0.656239749605455,-0.5230799302014595,-0.8091170710854955,-0.8884989142686535,-0.6076901124754956,-0.6235054981707764,-0.690597020927385,-0.4841933640701449,0.307019477765308,-1.1103093500693852,-0.5319618708684593,-0.5083873280340999,0.2418786755172435,-0.7144804225684649,-0.5817341324160763,-0.963583060533121,-0.6431123714333968,-0.572522511029466,-0.1213637868470639,-1.1683026759024049,-0.8073679580242517,-0.8494343602907298,-0.8376151519485407,-1.0997721846735704
57,1.3668774678159696,0.4701493545229596,1.3028858483309054,1.3512641419628646,-0.4462273324092462,-0.0273087820711099,0.2410640350529894,0.7890599508367068,-0.8383246182705388,-1.1606788933112435,1.3845938185960969,-0.7608513311939886,1.2969508809315644,1.2257795091255952,-0.865694735772588,-0.5006662539420051,-0.3051678339621785,0.3088249671314267,-0.8090827353888096,-0.7931567017244449,1.7790067095794804,0.1470115971768252,1.7466054451373048,1.7322768445276624,-0.5728734677231877,-0.1314585519210733,-0.0167360807257246,0.9789754537344928,-0.5658280092342274,-1.0005778714122089
58,-1.4880332319207066,-1.0820044188257176,-1.3666510291398104,-1.168610773723481,0.1045931882969224,0.9240554843485153,-0.0343920309244314,-0.5210164116151994,0.3299772691312031,3.827869785078733,0.4368152673290676,-0.6616067200134113,0.1494699253875933,-0.3277612085320374,3.389811134046849,3.8117706086532137,0.8228340864401129,0.9511752428073862,0.5893739807361801,6.859624451563002,-1.3535307217246235,-1.6296141675761833,-1.3314630973582242,-1.048037899389014,-0.5115032198371127,-0.0678445802675159,-0.6178657786960245,-1.0163178676334716,-1.0463088508184606,1.3551485290014722
59,-0.0929555004138866,-0.8143916992828426,-0.0633930935870642,-0.2013314748240158,0.3088380066983053,0.4483733511387025,-0.1369661448276004,0.0456773801364915,-0.5462491464201041,0.405773590241164,-0.4564642126350975,-1.081990201010482,-0.4500121441394772,-0.3737447816789634,-0.7746910460921318,-0.2698424560866622,-0.4742686509537035,-0.4201452699614427,-1.0100730512994145,-0.2515007798428897,0.0622925358827115,-0.7844548899347429,0.0905128288923712,-0.1198599879145544,0.3827489636456965,0.6357259462208285,0.0274011357254066,0.3607755998918543,-0.5043523460012275,1.0559031146934532
60,0.5517567248549408,0.083856211530635,0.4996769436760842,0.4630508957226324,-0.3330742797060414,-0.3809433878756958,0.1116222829915852,0.4503849628667613,-0.0497208442743637,-1.2599111773371878,1.2351725237657276,-0.3644171896408594,1.0707218918532233,0.8561507871790123,1.259724771196606,-0.192714891670107,0.102995118423248,1.0209253990045233,-0.6105139895494172,-0.6985938662004304,0.7249566318814642,-0.1819328615583788,0.6415508396932937,0.6019389712737279,0.7728883966357452,-0.3165752094329253,0.051388753361891,0.5693799840702816,-0.4056677287061493,-1.1125178226903938
61,-0.1696393333753775,-1.943019255615839,-0.1671923981886108,-0.2721496299036884,2.329936558126625,0.006803880868239,-0.2514674812776496,0.4292338973575948,2.1590999115945557,0.5120938945546759,0.0177859840004229,-0.3680458774353961,-0.1059658697205556,-0.1691288820299622,2.119759640704216,0.1627425791192343,-0.6722160779026066,-0.5770020165722138,0.626908316839968,0.8961137920765505,-0.453342963816318,-2.14745742439695,-0.4736309508140862,-0.483572127846497,0.5580925290344827,-0.7402442606456173,-0.896170118514517,-0.6172287501651083,-0.3086008920224658,-0.6669746502762323
62,1.1141048332392045,-0.7306172827302904,1.162839167519296,0.9985954178713218,0.7215975700181735,2.0895714681096096,0.9993842896125256,1.5239305073685991,1.2427131186638138,0.5574572243951078,2.0768403004430747,-1.208994273819265,1.705351134738198,2.078345757663101,0.2996858470950877,1.8394287620878265,0.4869534440628287,1.444292626154588,0.6499132325164828,1.2327574865420423,1.267512860480443,-1.102000283268232,1.2759891980748954,1.2822511904794396,0.6764494356719124,1.9665302332132484,0.5105117549242032,1.4555679518939657,1.3755087244394415,1.4881464909161473
63,1.7190550710465182,1.089149210161263,2.1308088731289514,1.678335942531634,2.294353837150774,4.5684249750356445,3.598263307722194,2.8755351813689902,3.995524440854169,2.639917584882428,1.900349930462276,1.2122476570853156,2.862732702495663,1.6735143002930335,1.1130521577922077,2.3960885748333984,2.559930518241289,2.2926491771104645,7.071917061370984,0.8291633045255482,1.4704537398800617,0.9840286852456124,1.8776631341926595,1.3051040557240758,1.3822072863617765,2.303684282977102,2.3791471688063406,2.073767805736604,4.107940177085132,0.8697059680129089
64,-0.3599288447983354,-0.3001098643352294,-0.3616101433153162,-0.4226026581653225,0.2120530056439914,-0.1683077888870863,-0.6266100178047843,-0.6646888931835615,-0.3417963161247985,-0.4008431184840117,-0.504105784899853,-0.2210840217566617,-0.5386226234502498,-0.4397499105979962,-0.5826832612718281,-0.4956361953930993,-0.3708187393824176,-0.5867345965066979,-0.370778552499419,-0.3581676583139782,-0.4202097590163803,-0.13959347578058,-0.4581423148348172,-0.4543907768418075,-0.1520489107901018,-0.2555057966455101,-0.475379329935307,-0.5382027097354705,-0.1969740298362304,-0.2641016573096959
65,-0.2236020306445744,-0.798102229397624,-0.2256824825275773,-0.3836384523584343,0.814112644555386,0.9316360761128148,0.3528032778606033,0.5404059611923601,0.4760150050564209,0.8820885535656974,-0.4301169794886799,-0.3644171896408594,-0.6589150618442037,-0.6023425448352133,-0.0823296414536411,0.5740895893408622,0.2621488285329187,0.3299122236561426,0.0965844712445173,0.3056634470646039,-0.1530732953168833,-0.4050288558490862,-0.3157660071792275,-0.4670477483619138,0.9306976054856524,1.43026445217376,1.0248062770504296,0.855640014913671,1.0131258674870238,0.9783209702432264
66,3.1504866196610077,1.3078935200484831,3.2758964397650563,3.4786528969666866,0.7073644816278338,3.073153249527509,3.077232006990062,3.497170155479857,0.0634584010676806,0.7119760666640794,1.776193105772307,0.4665523153080336,2.235528918770809,1.7527204549958728,0.3750222348891653,1.7578300345166882,0.8423967299744264,1.3794087599246927,-1.1977447318183525,0.7936076783685186,2.843410913777477,1.2934318890064476,3.1107968448498573,2.955784091471268,1.0928904034702798,2.247703987921972,1.8010455837670656,2.620402651868396,-0.8829130090675935,1.1722763313687945
67,1.4123197392005566,1.6290287834999335,1.5294319496438036,1.3569523471901477,1.7890791992936947,1.4167939490280024,1.3170250584925962,2.527316419937592,-0.6484755615677564,1.3385570600850416,0.4108289551846557,3.0719501517853494,1.4528855232940974,0.5888300150569298,0.1680138418797755,1.9573556902899505,-0.3499298149305233,1.076076685299934,1.2129282740732972,2.4946039637744915,0.8409228486812457,1.1468724766986838,1.013873819964187,0.7337824246081681,0.2994607700860225,0.1745246517325376,-0.1390729306717952,1.0581537601379838,-0.9540953559689612,0.4479915971084599
68,-0.6041810534904902,-0.8469706390532793,-0.6186369928048587,-0.6017811228247353,0.0618939231259013,-0.619542513657032,-0.5937159935175992,-0.7812776933072595,0.9761942506002912,-0.4419536361519037,-0.6426994496700509,0.0692110018062702,-0.7054479392476262,-0.5319370739882452,-0.3573407915868883,-0.4112429908503468,-0.392039234063707,-0.7736001312487953,-0.099562704523663,-0.4493262317591281,-0.5382468011161583,-0.1265659724643346,-0.58026425236367,-0.5496696457848297,0.2337069330652277,-0.3432930775274193,-0.2182320688721938,-0.5829689060482132,0.7736943370006041,-0.2607767082618288
69,1.2305506536622086,-0.1791023737593206,1.1999103477341335,1.1948384982125837,0.1693537404729703,0.0181747685146888,0.5612157981534559,1.0067611616871517,1.169694250701205,-0.3654030170461744,1.0630132058089976,0.4683666592053022,0.9484493310165708,0.8858530951925768,-0.1900006735664154,-0.5023429401249736,-0.1271146207769842,0.3899297999187955,0.3823297396475453,-0.0150936910328534,1.3793374266802323,0.326139767775204,1.3385394587604051,1.2699458015015586,0.3257623048943411,-0.28858506190536,0.2087475250572289,0.7551444721707791,1.2849130102013373,0.1021968961303051
70,0.1001741529706078,0.505055361419857,0.0939534713248029,-0.0190244972895972,-0.1366576599193456,-0.0923123564499808,0.3967456767175299,0.0118872632864817,0.9615904770077692,-0.9125981832463824,0.0549608472070123,1.820052862670205,0.2153089966073293,-0.0322782480711677,0.7760384938107373,0.2432235159017267,0.7233630176215686,0.9430647595286497,0.4404474213566359,-0.2064888701334588,-0.012257174917148,0.5818045203565261,0.0339197358911956,-0.126012682403495,-0.0775278954998674,-0.3604688498738798,0.3008599767813291,0.1201953612043249,0.1929110975098982,-0.8581592205285781
71,1.3895986035082628,1.23342737200177,1.2369815279489715,1.197682600826225,-0.4319942440189065,0.3081324034991561,0.7281969138097777,0.8716006942871126,0.5161753824358555,-0.9225214116489768,0.5209098607964011,-1.0037919790382177,0.0935314663813513,0.3809138589619769,-1.0563691331983065,-0.394476129020661,0.1726248665962289,0.0330685356543733,-0.1092489848085115,-0.1732027520290057,1.7168819505795971,0.770703318442089,1.3593895456555758,1.3051040557240758,-0.3273924761788874,0.4219830014648756,1.4551441374489604,1.23325963006878,1.7071537497753606,0.4950950419532408
72,-0.5019359428751696,0.5841756437194897,-0.502068726129313,-0.5369355832337097,-0.6148894298347783,-0.1874487830919432,-0.3596913321767092,-0.2958349458895616,0.4322036842788554,0.1761217329239789,-0.3875283012520044,0.5173539444315468,-0.3282346139134993,-0.4265488848141897,0.0236746564159016,-0.0306352273164764,-0.1612663544046845,0.183923524638879,-0.1165136950221479,0.2527082591711556,-0.5051135963162207,0.7853592596728654,-0.4706523669719192,-0.5377158393491737,-0.0862950737693069,-0.0506688079210555,-0.1381134259663358,0.0897421664337516,0.1152576281629519,0.4801327712378396
73,0.1399361404321211,1.100784545793562,0.1071343354011895,0.022214990608204,-0.4711352370923419,-0.3464516953481317,-0.7254176403773597,-0.4990915266361854,-0.462277448263103,-0.5865492500182798,-0.119363996761752,-0.1920545194003685,-0.2906122875022215,-0.1447069843299201,-0.7243556719465313,-0.4078896184844096,-0.6858104573078077,-0.5174710693062851,0.0372560044998206,-0.3411463479196555,-0.0329654279171093,0.559006389553096,-0.1299023754279973,-0.1351538285013494,-0.9147934202313206,-0.4940581903463502,-0.8649862155870872,-0.6874233641112798,-0.6127436469646746,-0.6364959506707861
74,0.3529467875473725,0.8075740878596294,0.3390351627451203,0.2085037118017206,-0.3103013382814969,-0.0140427464835854,0.2937949136813015,0.6683441135404885,-0.3454472595229295,-0.2590827127326624,-0.3330292299491402,-0.6813830684936358,-0.3915985320798616,-0.2397543699733271,0.94704542716632,-0.0580211016382968,0.444844024929645,0.9463089528401444,0.5046190282437566,-0.6252131058337952,0.0333009816827659,0.0265071915015526,0.0071124813116911,-0.0873386027587258,-0.2923237631011298,-0.3471099158266328,0.0595445433582959,0.5023829555750204,-0.5577391061772538,-0.8681340676721787
75,-0.2434830243753313,-1.0540796133082004,-0.2977653329453177,-0.2934803995059994,-1.6233037422903875,-1.0194187292238466,-0.7054552363252129,-0.5787949320304833,-1.553909524304106,-1.363396273535673,0.001905459912171,-0.1158520757150987,-0.081709369797495,-0.0877225563631551,-0.8533609023726728,-0.8438280260562435,-0.6072283129411576,-0.1583388697238168,-1.1929015916759282,-0.8926368046957082,0.0188052045827931,-0.5418176406696662,-0.0822450339533232,-0.0878659765720635,-1.392604635915763,-0.8299399606771332,-0.6581649763253185,-0.2208804202260963,-1.413545049605063,-1.2128204523010446
76,-0.192360469067671,-0.2302978505414357,-0.2211515605013194,-0.2838104506196185,0.4155861696258575,-0.430027719549537,-0.6159382923681022,-0.544746875357191,-0.6338717879752342,-0.8076954829903844,-0.3976340893081647,0.2833035816839328,-0.3797177974236687,-0.3326015846527664,-0.3856752737218289,-0.5906484124279863,-0.4368012150320519,-0.3941917234694849,-0.2061117876569959,-0.748144792015014,-0.2421187832167156,0.04279157064686,-0.2880651774470729,-0.3185041242717778,0.067130545945881,-0.5036002860943838,-0.6432926533906981,-0.5404866993432634,-0.3603698715870976,-0.992819656967186
77,0.2649023867397356,0.1257434198069111,0.3431541827689909,0.1442269927334232,0.5365674209437504,0.965748739052164,1.0194722433756922,1.011919958152802,0.1583829294190719,0.0060092460223589,0.2585202923382403,-0.4580373347399049,0.4157963939305856,0.1496758906489657,0.73637021882182,0.6523349445460634,0.5562516220064143,1.0890534585459128,-0.6734748114009319,-0.103982756425427,0.4060495356820646,-0.2356713127378921,0.4836858960584346,0.2538722544708056,0.9964514425064472,1.0562142988508425,1.190320838742172,1.4753625284948382,-0.1079960962095205,-0.0889876741220406
78,1.7417762067388125,0.8704049002740436,1.6653596104315431,1.732373892190822,-0.3971231774625725,0.5109132331941758,0.7244304224791837,0.9778719014795098,1.0346093449703782,-0.8941693304987073,1.2719864659703115,0.5300543517124249,0.8355823517827375,1.0458055242730329,-0.3416734897005096,0.5221123176688358,0.3457045263404959,0.1449932049009419,0.7298250448664824,0.2330391893821606,1.6464738903797296,0.9628589923567132,1.454704228604924,1.5283589700370614,-0.586024235127347,0.6338175270712216,0.6601944889758661,0.6500809502123008,1.2752063265329692,-0.01473047871968
79,-0.5530584981828299,-0.3373429383585861,-0.5840372246043433,-0.5795971224383318,0.5792666861147705,-0.6400101114206417,-0.8022540635214714,-0.5032185638087057,0.322675382334942,0.5035882702095963,-0.1410192568820954,0.5336830395069616,-0.2257632775038348,-0.3497629181717149,-0.5360147024613375,-0.7650237754567197,-0.6824947550138561,0.5505173688377853,0.2007119843066377,-0.1463469067401856,-0.7121961263158308,-0.7746842624475583,-0.7482563810618971,-0.6774698998836804,-0.8052036918633292,-1.0221813830141837,-1.066913980851013,-0.8494343602907298,-1.089988927326118,-0.5644553879670033
80,-1.2327044695785585,0.1513411581979694,-1.2298995643472972,-1.0249835917345866,0.4298192580161982,-0.9727980898734028,-1.0291349463053354,-1.0570927463432551,-1.6853434866368016,0.8650773048755361,-0.2532656885058753,1.4989139928537112,-0.3633817872714034,-0.4463504234898994,1.3630622942769774,-0.6062974834690263,-0.8815032066968236,-1.0618467069751036,-0.3066069456122979,0.7081228750548096,-1.1077237586150863,0.0997868976554346,-1.1453016072227775,-0.9044164308900302,-0.0336920041526708,-1.0148657762740243,-1.2075293954360848,-1.382517534749616,-1.5639986464647724,0.3288475895598969
81,0.0831333012013876,0.1117810170481526,0.1034272173797061,-0.0352358821873538,0.0825319012918947,0.1849477873292842,0.063787843093045,0.2442910440640299,0.246005570974203,0.1562752761187898,-0.4174847444184795,1.1505599645781923,-0.2425943182667749,-0.296738797940092,0.3213533922571014,0.1940407212013148,0.0436440473615166,0.3964181865417847,-0.7170630726827498,0.2485474944080991,0.0125927286828046,0.843983024595971,0.0666841581550341,-0.0952492099587923,0.4704207463400895,0.3074778524884723,0.2264983621082276,0.6378996723040716,-0.2956586471313085,0.5311153233051319
82,-0.146918197683084,1.324182989933702,-0.1614257701551915,-0.2053132184831138,-0.1053448654605963,-0.3644556007883436,-0.0320065864150554,-0.1039277173673686,-0.7397491465210175,-0.5794612297307122,0.1852533289310785,0.1327130382106618,-0.0025044720895418,0.0616690520902554,-0.3896754359055855,-0.5923250986109547,-0.1798342872508127,-0.3041653590755057,-0.7134307175759316,-0.5446455699673348,0.1492671984825474,1.5621241449040164,0.0398769035755296,0.0455595982023899,-0.2572550500233728,-0.3814614605195537,0.2145045532899853,0.0577663119246497,-0.4040499480947548,-0.55281806629947
83,-2.0296483039857525,-1.363579541127352,-1.984504032720442,-1.454443086394449,1.468834710511039,-0.5431680516317116,-1.1148728439607505,-1.2618195840825894,0.4322036842788554,2.1806138702480555,-0.6535270797302226,0.5282400078151568,-0.650004510852059,-0.6711418908784852,1.0497162565493987,-0.8181188379173918,-1.057500684459768,-1.9134474512424744,0.7322466149376943,0.1154030219902867,-1.7269005233139212,-0.9994086946527972,-1.6933610341815326,-1.2224228403327004,1.1411098839521967,-0.8528409904724138,-1.3058306525103982,-1.7450628184932917,0.0505464037071629,0.5471859103698217
84,-0.5530584981828299,0.2863110515326367,-0.6075156387404076,-0.5579819425746567,-1.1550351342481922,-1.212155274831169,-0.8156878826005891,-0.8052660968725336,-0.2651265047640595,-0.8544764168883291,-0.7679390373660369,0.6425436733430612,-0.8331658368017006,-0.5644996042549679,-0.6536861400335028,-1.083147033905294,-0.7030521092363553,-0.810908354330985,-0.7352248482168405,-0.8559464245123906,-0.6065840360160297,1.166413731673053,-0.6755789353130188,-0.5850036912784597,-0.8797247071535635,-1.053733912954348,-0.7565142086349047,-0.6135743667926393,-0.3344853818047821,-0.8404261589399546
85,-1.2074272061208822,0.0256795333691403,-1.154109595908073,-1.014176001802749,0.2946049183079656,-0.1396910549768546,-0.3422399223449583,-0.4805198593598441,0.4869678352508121,0.0598782002078724,-0.8116104786087294,0.0093376531964156,-0.6623802761189266,-0.6285245793064297,0.672367623881719,-0.196627159430367,-0.0531744596218664,-0.1096759700513956,-0.5390776724486601,-0.0850701893206242,-1.140856963415024,0.1877225450400931,-1.043731898204878,-0.9130302031745472,1.0315201555842053,-0.1530873022832829,-0.0373654318931011,-0.2606218394016946,-0.450965585825202,0.0528768185869463
86,-0.7064261641058107,-0.2233166491620569,-0.6919555492297604,-0.6893794833248927,1.2695714730462742,-0.0500505573640094,-0.22723638705083,-0.3628992999430162,-0.0387680140799716,0.3405638035955431,-0.3579327790875352,0.7985772485081374,-0.3519960832258853,-0.4338094489952832,0.4996939562829045,-0.1329130844775606,-0.0810263588910588,0.354243673492353,-0.5923522140153263,0.0170576730453115,-0.6480005420159516,0.5834329582710571,-0.6478781055808641,-0.6308852130388448,1.5970031539630405,0.0746507162364525,0.0724978568819974,0.1095367430346244,-0.1532939533285723,0.3892508305961448
87,2.3126447410076856,0.0885103457835553,2.5056396953012023,2.429179032532983,2.57901560495758,3.2683534874582283,4.238566833923126,3.4404233943577034,2.7176942515085125,1.0763003094450452,2.9228391291444904,0.5953707320140847,3.5562705880509284,2.8528059369797507,-0.1753334122259756,3.420543832627208,2.390829701249765,2.109352255011011,1.2807322360672355,0.4698245295342929,2.5120788657781006,0.3798782189547178,2.964846236583668,2.600685723823842,1.6539898127143955,2.833588666851235,3.303629952516451,2.685877020625128,1.8673140303034383,0.772728287450125
88,-0.7916304229519114,0.4585140188906614,-0.802757187871887,-0.7348851251431563,-0.6241409372885,-0.731356242180454,-0.4704261772961646,-0.7719918596690888,-1.1851642410929313,0.3533222401131655,-0.616352216523633,-0.4186660721691824,-0.6282231639823719,-0.5264366465783258,0.6907017005572686,-0.5537613164026771,-0.2474746140474228,-0.8696282532690399,-0.5887198589085083,-0.4984989062316157,-0.674921270915901,0.5655201412112187,-0.693152579981805,-0.637213698798898,1.645222634444956,-0.2205181122360537,0.1909966880062305,-0.4846050869392612,-0.1160849992664941,0.2423989143153578
89,-1.2355446115400954,-0.5351436441076683,-1.2138353862542008,-1.037213232973245,0.5223343325534098,-0.3847336837578456,-0.5707403964009775,-0.8032025782862734,-0.8310227314742777,1.1131580149403977,-0.0078394071419834,0.3758351204446173,-0.0589379617064585,-0.3843056023060087,2.269765722595078,0.2147198507912607,-0.1549665200461766,-0.2540425724129118,1.4853549070846586,0.3189022440379657,-1.080803029715137,-0.6851201771483695,-1.0598162509525804,-0.902834309450017,0.6282299551899967,-0.4946943300628859,-0.6821525939618028,-0.9328761139621008,-0.5949480602393319,0.0406853387447679
90,-0.4252521099136788,0.342160662567672,-0.404447951563573,-0.4962649158586367,0.2113413512244746,0.3138178473223809,0.2222315784000208,0.2912360919014481,-0.2797302783565817,1.120246035227964,-0.2265575343574519,1.0634714575093127,-0.076759063690748,-0.4368896883448381,1.9564196848674995,0.8350937384896396,0.6338390556848789,1.8092643736977472,0.1086923216005777,0.7928511756843267,-0.6086548613160258,-0.0337450113360839,-0.5439255294892309,-0.6208651105854275,-0.1608160890595401,-0.1861665675431326,-0.242699438861408,-0.0625238074191149,-1.091606707937513,0.0506601858883685
91,-1.0273622057594562,0.2095178363594641,-0.9609275567885288,-0.91207271797302,1.1272405891428714,0.4919617537834263,-0.3018129153965857,-0.4704602062518259,0.402996137093812,2.1295801241775703,-0.2583185825339554,1.1668890596536077,-0.4084295728428018,-0.4494306628394543,1.613072430761748,0.670219597164395,0.4647382386933537,0.5910697852314697,0.2818345816922433,1.133655634912875,-1.05802395141518,-0.4766801240884379,-1.0318175628362092,-0.8898257553876856,-0.1038294303081848,-0.314030650566783,-0.6845513557254513,-0.8107588029321018,-0.8376151519485407,0.3499056001963874
92,-1.5340435316976009,-0.8050834307770032,-1.4881621198440012,-1.2058685179621844,1.326503826607636,-0.4232051869616672,-0.5961014380269751,-0.7655433640870258,-0.5937114105957997,1.918357119608059,-0.8614175768855191,-1.143859327907332,-0.7485156023763256,-0.6902173731360856,0.4066901855105694,-0.1871259377268783,0.0230866931390174,-0.2264669292652065,-0.4192099539236608,0.0041971274140454,-1.375274387374583,-0.9863811913365512,-1.274274287588615,-1.048037899389014,1.7548123628129473,-0.1136466398580772,-0.1275588742062826,-0.1462700930381917,0.0408397200387947,0.9838625519896712
93,-1.4704243517591793,-0.8213729006622218,-1.3687105391517456,-1.1651978505871112,-0.1238478803680393,0.3782528773189292,0.0480941292155711,-0.6664944719465392,-1.849635939552672,1.2520832125767187,-0.3319464669431231,-0.4317293482295143,0.2049133537831603,-0.5147757404692966,3.769826541503701,2.3541714202591835,2.0138343504274823,1.8303516302224627,0.3992807301460301,0.6831582864764698,-1.4195900487944997,-1.4016328595418832,-1.3082301433893204,-1.0733518424292263,-0.6342437156092627,-0.4221744023778304,-0.5650930198957588,-1.1594478830551664,-2.020212778878084,-0.372716659540014
94,0.2109396894705382,-0.6096097921543807,0.2747784503727345,0.0785282223583051,1.4119023569496771,1.147682941395359,1.0069172722737132,1.039777459067314,1.260967835654466,0.6921296098588904,0.0773379493313671,-0.4861596651475641,0.0608594460768205,0.0185457011964874,-0.0186603933621862,0.0084874502861239,-0.059142723750979,0.1482373982124369,-0.5475531676979025,0.0337007320975379,0.5261574030818381,0.2756581924247521,0.5909149143764517,0.3769261442496164,2.429885089559773,1.2324250003311965,0.9509244147300574,1.3413684715043157,1.1069571429479177,1.2498584758190212
95,0.4693926079703766,0.8424800947565259,0.5655812640580186,0.3632228939838167,1.362086547583487,1.342883179326079,1.563102492091386,1.1831920008123935,1.0382602883685093,1.4902406942389854,0.5299328858465444,-0.2628139313938331,0.3623330879777172,0.4024755344088609,0.5526961052176756,0.7982066424643306,0.9153421804413588,0.341266900246374,-0.67710716650775,0.8280285504992598,0.8119312944813009,0.7853592596728654,0.6862295973258009,0.6880766941188955,2.329062539461222,1.5155071741895263,2.223227654169192,1.352027089674016,0.6038273728041588,2.286134262404198
96,1.0857034136238373,0.167630628083188,0.9156979660870432,0.9303369551439264,-0.8782015650560743,-0.7034975674466523,-0.1992388014934167,0.1816116670063783,1.1587414205068136,-1.7787542623871253,0.5248799918184641,-0.005177097981731,0.243030710805113,0.3014876871627409,-1.0057004122040596,-0.9532597442646604,-0.2978732889154852,-0.3135735196788403,3.5836453737899463,-0.7159934279368491,0.8926934811811482,0.3505663364931645,0.6534651750619616,0.6687396542965109,-1.1032877530242655,-0.8528409904724138,-0.2268676112213283,0.0592889716631782,3.2052185959268757,-1.26546547889227
97,-0.7717494292211545,-1.9709440611333564,-0.7673336156665974,-0.7155452273703943,-0.1871851237050537,-0.7105096148286295,-0.6739422588592454,-0.5852434276125462,-0.5279944294294519,-0.2364010478124475,-0.95417427440099,-1.3719223557939606,-0.8727682856556772,-0.6564667505488202,-0.3336731653329967,-0.5694103874437174,-0.5555033571555147,-0.8655730116296715,-0.8599357068842638,-0.6010050199396474,-0.7142669516158269,-1.5807610301402617,-0.7005990395872229,-0.6505738354034547,0.9833006751022884,-0.0971070072281524,-0.2973912070725925,-0.3810642247193119,0.1864399750643192,0.071164038350214
98,1.2873534928929422,-0.5048917714636905,1.2122674078057465,1.2005267034398663,0.6433155838713017,0.1072467217452114,0.7143864455976005,0.9732289846604244,0.5636376466115511,-0.0946406420610982,1.110293857071747,0.6606871123157445,1.0043877900228124,1.1030099693361946,0.3536880365757983,-0.2497222218910391,0.0506070221788146,0.6835292946090699,-0.0111753969244215,0.2931811527754339,1.2385213062804976,-0.1265659724643346,1.1359957574930395,1.1750185151007615,0.7860391640399038,-0.1600848391651741,0.2639190456211432,0.8038695838036961,-0.0109292595258369,0.0340354406490336
99,2.874992849391949,0.2118449034859234,3.057588378499899,3.145892891170634,3.4401174525731677,3.455973133624649,4.243588822363918,3.9279296603616616,3.079137647923427,0.84664845212786,3.983946875041316,3.452962370211698,3.4359781496569743,4.238913644279437,5.429893847762576,4.056566791366628,3.179966847210215,1.0420126555292393,3.01820876216192,2.299804522595022,2.0192224443790283,-0.2747538226866296,2.1933930214623767,2.0961647757307174,1.6320718670407972,1.082296027228801,1.4781722503799857,1.6778762737191508,0.5197027810116325,-0.2136732634170486
