ID,radius1_0,texture1_0,perimeter1_0,area1_0,smoothness1_0,compactness1_0,concavity1_0,concave_points1_0,symmetry1_0,fractal_dimension1_0,radius2_0,texture2_0,perimeter2_0,area2_0,smoothness2_0,compactness2_0,concavity2_0,concave_points2_0,symmetry2_0,fractal_dimension2_0,radius3_0,texture3_0,perimeter3_0,area3_0,smoothness3_0,compactness3_0,concavity3_0,concave_points3_0,symmetry3_0,fractal_dimension3_0
100,0.1058544368936811,-1.9546545912481377,0.0951891773319642,-0.0403552668919083,0.977793161044299,0.1053515738041364,-0.0047622991237608,0.2285567148437963,0.1620338728172019,0.173286524808951,-0.4052134303502849,-0.6528978693065233,-0.4643680318490438,-0.3552633455816343,-1.0743698630252096,-0.7108109222074019,-0.1019152833429531,0.0330685356543733,-0.1746313767312386,-0.3732977119978204,-0.1178692652169496,-1.579132592225731,-0.1328809592701647,-0.2374643482888751,-0.0468427715568295,-0.4800631165825677,-0.077664629522395,0.1141047222502103,-0.0190181625828106,-0.2153357379409814
101,-0.2150816047599645,-0.674767671695255,-0.2417466606206738,-0.2883610148014449,-1.794100802974471,-0.5892201465998329,-0.0989245823886037,-0.5395880788915406,-1.4224755619714102,-0.64750622449136,-0.870801522937668,-0.1394385463795872,-0.8133646123747122,-0.5649396384477615,-0.3740081340192065,0.4036264940723887,0.5860929426519778,-0.2297111225767011,-1.0246024717266868,0.106324989779981,-0.4160681084163882,-0.4766801240884379,-0.4548658726084333,-0.4368116497305488,-1.3093164423560897,-0.0074113071966365,0.281190130319412,-0.3780189052422547,-1.3795716567657734,-0.4248075279565949
102,-0.0787547906062035,-0.4839481673255524,-0.1453615920620951,-0.1882486028012649,-0.6056379223810578,-0.8145532367936444,-0.9365922543126476,-0.967510245717237,-0.7214944295303654,-0.5525267526379555,-0.6737386558425431,-0.6545307788140647,-0.678716286271192,-0.4934340821188094,-0.8140259742324023,-0.9115102583087424,-0.7548765360908168,-1.1325701211656891,-0.9773818553380508,-0.7893741883034844,-0.1613565965168675,-0.3415197771823889,-0.2073455553243434,-0.2719194374269422,-0.7306826765730954,-0.7586923124251488,-0.9165116182702558,-0.96789728794826,-0.8683529835650408,-0.671962073848033
103,-0.146918197683084,1.256698043266368,-0.1733709282244168,-0.2340386548808927,-0.2690253819495102,-0.4874507021641081,-0.4513426212211564,-0.4660752292560231,-0.1848057500051894,-0.2123017788347176,-0.6286235305918276,-0.3843749725108112,-0.5514934193277922,-0.4511907996106286,-0.9843662138906926,-0.767818252428334,-0.4620005524660831,-0.7974449520882818,-0.8853621926319909,-0.8812892644328265,0.1285589454825868,1.6223763477416524,0.1768917603152186,-0.0560477565006852,0.6457643117288758,0.2171460127404209,0.5153092784515001,0.2785519740113061,0.920912372637524,-0.2740765044532965
104,1.3839183195851894,-0.0883467558273888,1.294647808283164,1.3740169628719965,-1.0098576326667212,-0.4559912463422637,0.0490985269037294,0.1896078015281362,0.4906187786489421,-1.7518197852943695,1.0265601846064196,0.2270589208686148,1.1632926160493935,0.8997141722655739,-0.87102828535093,0.1023818765323651,0.2820430422966274,0.2942260972297004,-0.0293371724585124,-0.4194443757335395,1.2530170833804706,0.0085943744417149,1.2193961050737194,1.155681475278377,-1.326850798894968,-0.1772606115116347,0.2327351426937134,0.1095367430346244,-0.0966716319297569,-1.027177463795144
105,0.2762629545858821,-0.674767671695255,0.3134972385971207,0.0557754014491733,1.326503826607636,1.4471163160852014,0.3138828674444681,0.9394388678104144,0.6914206655461167,0.2654307885473296,0.0928575524176133,-0.2700713069829064,-0.0346814617833979,-0.0109365897206804,0.6550335877521083,0.9150157798778092,0.0048503305222842,1.7492467974350938,0.3617463940422424,0.4497772084032018,-0.0329654279171093,-1.1964496823110138,-0.0405448601629829,-0.2074040409286227,0.2731592352777051,0.2165098730238854,-0.3655160411602083,0.4216819894330011,-0.502734565389833,-0.3411296435852786
106,1.6082895345465873,1.356761929704139,1.5829792099541256,1.527598504008636,0.3657703602596671,1.0339740649308624,2.080367301492924,1.7019089854335363,1.425260288570336,-0.2364010478124475,0.3252906777092992,-0.0323922564407557,-0.0500274107143137,0.5058835697153454,-0.6693534419198818,0.3527670131890081,0.519115756314158,-0.2216006392979643,-0.5766120085524479,-0.2159451536858603,1.3172126676803495,1.286918137348325,1.2342890242845552,1.2453350235457965,-0.2134191586761762,0.8386545157956763,1.415804444525126,0.8921838486383588,0.6539785717573952,0.0390228642208343
107,-0.5502183562212933,-1.3961584808977892,-0.5309018662964092,-0.5662298401542168,0.7287141142133439,-0.1753198362690638,-0.756428418999248,-0.5184370133823742,0.249656514372333,0.2711012047773833,-0.7387044362035732,-0.726741665925344,-0.4420916543686818,-0.5521786468567484,-0.0893299252752145,-0.0513143569064225,-0.7199621909355077,-0.6005224180805506,0.7358789700445127,0.131667829700417,-0.6065840360160297,-1.2811284538666108,-0.4730352340456529,-0.5895742643273869,0.4528863898012105,0.0269402374962845,-0.8301561947789118,-0.4984612905598722,0.9192945920261294,0.4690496077449504
108,0.3785080652012031,0.044296070380819,0.4008204631031835,0.2673766359040989,0.913744263287768,0.3403499184974304,0.7256859195893818,0.8241397668031292,0.4358546276769854,-0.6857815340442242,0.2494972672880972,-0.7818977204023011,0.1128376601976648,0.1754178909273885,-0.2670037956037248,-0.5945606801882461,-0.1247936291712183,-0.1404958065105956,-0.7957640999971431,-0.5045509277051525,0.6193445415816634,0.0525621981340441,0.5253860698487748,0.4841588196282945,0.9745334968328488,-0.09456244836201,0.5129105166878516,0.5602440256391097,-0.103142754375336,-0.2081316816706036
109,0.5773180025087709,0.5236718984315348,0.586176364177373,0.4405824850748646,0.3159545508934757,0.455953942903002,0.1946106419756669,0.185996644002181,1.271920665848857,-0.5511091485804426,0.1011587354637448,0.0873544407789534,-0.010919992471012,0.0735499752956813,-0.7213555503087139,-0.3329976356451459,-0.3217463454319357,-0.4160900283220744,-0.6286757650835079,-0.5378370458096057,0.662831872881581,0.9775149335874896,0.6683580942727974,0.5175591611396861,0.3126115374901824,0.325925904268004,0.1295883868568305,0.2526667584563191,0.9370901787514712,-0.4297949515283956
110,0.4495116142396202,-1.2472261848043629,0.413177523174796,0.3037811493587099,-0.1238478803680393,-0.184227031592116,-0.2190756558345436,0.2685373874525866,0.015996136891985,-0.7892666302427083,-0.337360281973209,-0.7281931410431587,-0.4425866849793566,-0.2727569344328434,-0.6080176217689514,-0.5772349229642374,-0.5011258395347106,0.1433711082451946,-0.466430570312297,-0.5541018535197362,0.254879288782349,-1.0466333941741877,0.209656182579057,0.0742135753937415,-0.441365793681598,-0.3776446222203404,-0.4859338816953602,0.3470716622450962,-0.2875697440743349,-0.7334736312335701
111,1.2277105117006717,0.6097733821105472,1.162839167519296,1.1948384982125837,-0.1466208217925839,-0.1374168774475647,0.3327153240974367,0.5042943859328076,-0.4367208444761907,-0.7835962140126546,0.6883772057270567,-0.0269492247489509,0.4454982305710681,0.6163321521065267,-0.3466736924302048,-0.6292121946362638,-0.1108676795366221,-0.4295534305647775,-0.6807395216145683,-0.6013832712817435,1.2944335893803924,0.930290234066099,1.1419529251773737,1.2470929362569223,0.6194627769205572,-0.1702630746297432,0.5963874260628176,0.3546849609377395,0.336893571924029,-0.4347823751001954
112,-0.3854901224521655,0.740089141192295,-0.422159737666218,-0.4226026581653225,-0.4134912291114634,-0.8856212845839551,-0.5234081553465163,-0.5643503019266622,-0.8273717880761476,-0.3044460425730942,-0.6080510334775014,0.2960039889648109,-0.6975274494768308,-0.4503107312250414,0.1526798868420429,-0.7521691813872939,-0.2842789095102842,-0.4665372343158175,-0.4930678410956303,-0.4410047022330149,-0.3684391265164778,1.25272094114318,-0.4533765806873494,-0.3990165264413426,0.4178176767234535,-0.6486401414644947,-0.2614097806178658,-0.3242690164721927,-0.1160849992664941,-0.1815320892876682
113,-0.7660691452980813,-0.9074743843412336,-0.7788668717334359,-0.7254995865181394,0.0021149518864726,-0.6718485968307005,-0.6750722062584236,-0.5202425921453517,-0.2833812217547117,-0.5879668540757929,-0.8274910026969812,-0.4046956241602162,-0.8529670612286889,-0.6087230406307198,-0.6360187570552456,-0.5738815505983003,-0.5820289755071265,-0.5181199079685841,-0.6698424562941137,-0.8347643493550113,-0.8178082166156321,-0.59555609184918,-0.8140830839737908,-0.7358326018930593,-0.586024235127347,-0.5691226768975479,-0.6346571110415637,-0.4544564241163937,-0.3636054328098866,-0.9030460326747805
114,0.2336608251628317,-0.4001737507730002,0.2010479919454455,0.0660141708582827,1.447485077925528,0.4957520496655763,0.8173372086338291,0.9626534519058412,0.5307791560283777,-0.0903878298885574,3.215185140769126,0.4266367495681304,2.7488756620404806,1.3544895105177093,0.9863803553065904,0.5209945268801901,1.1232367142721162,2.630045281505917,3.7701062692732794,-0.3434158559722319,0.4723159452819399,-0.6916339288064922,0.4211356353729247,0.1596481331544589,0.3827489636456965,-0.2408745831651919,0.3037384908977075,0.7932109656339954,0.8303166583994195,-0.6913576099605891
115,-1.2466211651900885,-1.7033313415904807,-1.2657350385549735,-1.0420482074164354,-0.2747186173056462,-1.2000263280082892,-1.1148728439607505,-1.2618195840825894,0.3336282125293331,0.2016386059592216,-0.7448400932376705,-1.3078760162203888,-0.8158397654280859,-0.6177437415829877,-0.3336731653329967,-1.1078502103343644,-1.057500684459768,-1.9134474512424744,0.2697267313361824,-0.2174581590542444,-1.1698485176149698,-1.885278920157505,-1.2132133188241887,-0.9452000057881506,-0.3931463131996823,-1.159205877955946,-1.3058306525103982,-1.7450628184932917,0.3304224494784499,-0.1349828026175323
116,-0.7660691452980813,-0.460677496060955,-0.7541527515902109,-0.7306189712226941,0.913744263287768,-0.179678676533536,-0.8598813808795556,-0.7817935729538245,-0.6083151841883209,0.4001031740111102,-0.4362526365227771,1.2539775667224868,-0.4599127563529713,-0.4170881496691283,-0.125664731777668,-0.4542779362132073,-0.6735423588201871,-0.3692114349709751,0.2757806565142128,-0.1017132483728507,-0.7225502528158115,0.1763234796383786,-0.732767745082628,-0.6637581807368986,0.391516141915136,-0.4775185577164254,-0.9360375390263542,-0.7702560538872393,-0.5124412490582011,-0.1654615022229784
117,-0.3485682769521884,-0.7841398266388652,-0.3389555331840265,-0.4058224527448377,-0.6824965996888952,-0.1753198362690638,-0.5004325582298946,-0.4653014097861755,-0.1227397122369716,-0.0634533527958007,-0.6888973379267834,-0.8085685756921456,-0.5826803478002988,-0.5213762533612,-0.572349508963791,-0.5504079440367399,-0.5568296380730952,-0.6832493475236667,0.0602609201763355,-0.7216671980682899,-0.3705099518164739,-0.6281248501397942,-0.300575229584175,-0.4162440710103762,-0.0512263606915487,0.0034030679844684,-0.3031482353053488,-0.204131163102281,1.0487170409377076,-0.1532700223807999
118,-0.9591987986825758,-1.005211203652545,-0.976579832879238,-0.8520621528251849,-1.3115991065419357,-1.003499486518817,-0.8322604444552015,-1.058691973247607,-1.5064472601284105,-0.8388827722556809,-0.5510255151605971,0.0401814994499773,-0.524761766351358,-0.4971743727575546,-0.1646663130692921,-0.4285687480743557,-0.3883919615403604,-1.0031268080370488,-0.464009000241085,-0.5427543132568544,-0.894428752715488,-0.807253020738173,-0.8778247781961678,-0.7723971862844775,-1.0857533964853872,-0.8394820564251666,-0.8378322324225869,-1.2253790497334578,-0.971890942694303,-0.9008293999762026
119,-0.6325824731058569,-1.079677351699258,-0.5708563605279567,-0.6316442002679707,1.3407369149979758,0.4786957181959015,-0.6490834160773269,-0.4872262947651895,0.6695150051573344,2.2103835554558398,-0.0323820352783726,-1.021572549231447,0.0767004256184112,-0.3367819094843051,1.0430493195764718,1.2257616191213216,-0.1327513146767017,-0.1129201633628902,1.2988940116013266,2.128834915967604,-0.6459297167159556,-1.492825382755603,-0.6255387267646105,-0.6521559568434679,0.4397356223970518,-0.0163172632281346,-0.8539039362390314,-0.8250718044742712,-0.2810986216287558,1.0891526051721223
120,-0.6609838927212237,-0.6305533962925196,-0.5346089843178932,-0.633919482358884,0.9066277190925977,1.244335486390182,0.9679968618575776,0.6508042055572774,3.1631093460804265,1.5469448565395247,-0.3084866018127511,0.379463808239154,-0.289622226280872,-0.3436024394726052,-0.5380147835532156,0.6065055222115885,0.4839693119982721,1.076076685299934,4.327067385652063,0.3177674900116777,-0.5237510240161856,0.114442838886211,-0.4566530229137333,-0.5078313232600339,0.2687756461429859,0.985602790315394,0.8549739441841199,1.0946975938626715,4.648278901290969,1.0559031146934532
121,0.0888135851244608,-0.9563427939968894,0.0824202152579644,-0.0420617284600932,0.2376725647466038,-0.0424699655997097,-0.0493324465357864,0.1651035183162971,-0.3198906557360162,-0.2817643776528784,-0.5939751143992782,-0.8662647116252784,-0.3693221545994999,-0.4210484574042702,-0.4450110127808812,-0.1401787246037578,-0.0249909901232789,0.5083428557883537,-0.7267493529675981,-0.4792080877847168,-0.086806885717008,-0.9489271193023446,0.0398769035755296,-0.1998450162707815,-0.0336920041526708,0.1223611949766206,0.1828408980098259,0.689670103414046,-0.3393387236389658,-0.3943288283511488
122,-0.1099963521831069,-0.3210534684733675,-0.1585424561384816,-0.1987717824717385,-1.2041392891948668,-0.7690696862078457,-0.7531641265127333,-0.919017558940124,-1.2362774486667578,-0.9919840104671376,-0.5600485402107402,-0.8336065214744485,-0.6401038986385649,-0.4151079958015573,-1.4010497746986432,-0.5341999776013769,-0.4673056761364055,-0.9680895202729054,-0.8780974824183547,-0.6880028286217408,-0.1924189760168091,-0.5239048236098285,-0.2999795128157416,-0.2719194374269422,-1.5455918967174784,-0.457162086787287,-0.555497972841165,-0.8285739218728871,-0.8910019121245671,-0.7650606471883055
123,-0.3201668573368216,0.3468147968205915,-0.3484292792389291,-0.3853449139266193,1.219755663680084,-0.5391882409554541,-0.7211489502026868,-0.5795687515003307,2.659279157138426,-0.2732587533077977,0.0542390052030009,0.1907720429232483,0.0034358952385546,-0.1222652404974489,-0.0079932942055027,-0.7857029050466657,-0.4112703073686256,-0.0431700071657532,1.085795845334662,-0.8555681731702944,-0.4367763614163492,-0.2552125677122609,-0.489715303561789,-0.4638835054818871,-0.1169801977123435,-0.9145465429763644,-0.9166555439760748,-0.786396247115643,0.4776404851153698,-1.0859182303074584
124,-1.248609264563164,-0.9191097199735327,-1.1611119299486534,-1.0087722068368303,0.7714133793843649,1.0529255443416117,4.042709284732253,0.7648136074481502,2.6884867043234704,4.275832667252996,1.5134426163121404,2.625621553057341,0.5974726280482034,0.2093005237724919,1.3097267984935603,3.933609804615597,12.072680399588068,6.649600794447907,1.8062129415202623,9.85159256754282,-1.0870155056151256,-1.0075508842254508,-1.0788791875424502,-0.8791024878498178,-0.1388981433859418,0.1458983644884367,2.6358146775167244,0.6470356307352434,0.3352757913126345,2.324925334629312
125,-0.8455931202211083,-1.4450268905534445,-0.8690734102562081,-0.7764090233023219,0.0839552101309291,-1.008426871165612,-0.8660333167195252,-0.8011390597000133,0.0671093444658107,-0.2477418802725549,-0.6499178697101653,-0.7898808335502818,-0.7113883065757226,-0.5468982365432259,0.6593670967845107,-0.9217939335642832,-0.6609426901031716,-0.578137484231237,0.4041238702884541,-0.8230385577500334,-0.8861454515155035,-1.527022578960748,-0.923694969365542,-0.7731003513689277,0.0758977242153205,-1.04679999004411,-0.9644388783079516,-0.9066863664594076,-0.0675515809246524,-0.899166925452269
126,-0.2775647279137713,-0.9191097199735327,-0.2742869188092534,-0.3298849129606105,-0.1793569250903657,-0.3669192931117411,0.0518606205461648,-0.3634151795895812,0.0379017972807673,-0.1031462664061788,-0.4842551297895382,-0.7695601819008766,-0.5183263684125868,-0.3860657390771829,0.514361217623344,-0.2966694350141597,-0.0472061954927537,-0.3666160803217795,0.86543296885436,-0.1194910614513655,-0.3104560181165871,-0.8430786548578485,-0.2856823103733392,-0.3573539951876596,0.6764494356719124,-0.1823497292439192,0.1377441768532351,-0.2647330206957219,1.5340512243561253,0.1321214375611069
127,-0.533177504452073,-0.3140722670939879,-0.5642659284897634,-0.5534313783928303,-0.6988646513377861,-0.7116467035932746,-0.6271122166488634,-0.6605618560110412,0.5782414202040733,-0.0733765811983952,-0.6683248408124572,-0.425560578978802,-0.6841616229886137,-0.524236475614358,-0.5076802203263969,-0.5509668394310628,-0.3963496470458439,-0.628098061228256,-0.3090285156835103,-0.4958511468369432,-0.5548134035161271,-0.0744559591993517,-0.6154115417012426,-0.5561739228159953,-0.467667328489916,-0.4800631165825677,-0.373671831156613,-0.4948069071874034,0.3433646943696081,-0.1455118079357772
128,1.009019580662347,0.3375065283147517,1.0475066068509111,0.8782898773142876,1.077424779776681,1.1780053084525586,1.2140742954563677,1.4568661533151444,0.5818923636022033,-0.161268032764232,1.465801044047385,0.3322908669101774,1.3236825339079987,1.1786958504966851,0.6653673400601453,1.3448063381120918,0.6686539297713694,1.072832491988439,-0.3344550014312372,0.443725186929665,0.8699144028811913,-0.0923687762591895,0.7636727772221465,0.7408140754526716,0.4134340875887343,0.6077357986932631,0.4131220273200764,0.5617666853776382,-0.7081927030369631,-0.3638501287457019
129,0.7704476558932655,0.0396419361278995,0.6767948047025324,0.6408073090752245,-1.5592548445338563,-0.6085506555987973,-0.4682918322088282,-0.5470683337667337,0.1182225520396374,-1.4342764764113476,0.2660996333803605,1.5297578391072726,0.3034244453074272,0.1380149845399366,-1.199374931267595,0.0632591989297647,-0.0442220634281974,-0.1129201633628902,-0.6468375406175988,-0.8608636919596393,0.4039787103820682,0.3896488464419019,0.3883712131090858,0.2661776434486866,-1.95633419864071,-0.5296820144723423,-0.402936724673124,-0.4605470630705083,-0.604654743907701,-1.3424934651678524
130,-0.5871402017212699,-1.524147172853077,-0.6231679148311167,-0.5867073789724355,-0.2313076977151083,-0.9841689775198526,-0.8672888138297231,-0.7554837109790077,-0.8091170710854955,-0.5284274836602266,-0.8047529795706206,-0.886041060105503,-0.8391062041297971,-0.5959620490397068,-0.5043467518399334,-0.8768587438607249,-0.7809047990983358,-0.8959062190921473,-0.7134307175759316,-0.4784515851005245,-0.6480005420159516,-1.1834221789947676,-0.6904718545238545,-0.6113723819453478,-0.2134191586761762,-0.8337567989763466,-0.8915165206930391,-0.6753943521769031,-0.6256858918558319,-0.2751848208025858
131,-0.9165966692595254,-1.472951696070962,-0.9588680467765937,-0.819354972768308,-1.509439035167666,-1.2728000089455676,-1.0760779832556353,-1.091888828504067,-1.3494566940088013,-0.7609145490924386,-0.4452756615729202,-0.8263491458853752,-0.5237717051300086,-0.4795730050458126,-0.2996717867710681,-1.0811350104857316,-0.9966575473657584,-1.3333856871472136,-0.5051756914516907,-0.4273876539175568,-0.8095249154156479,-1.2176193751999127,-0.8694847434381001,-0.7217693002040524,-0.6693124286870203,-1.0898666488535684,-1.216884566314314,-1.1431554238529094,-0.263303034903414,-0.3932205120018595
132,-0.6751846025289073,0.2071907692330039,-0.6536486630077616,-0.6686175342453099,0.8923946307022569,0.1849477873292842,-0.2557361714523224,-0.2976405246525393,0.6622131183610733,0.2455843317421406,0.3487505428396713,0.8638936288097971,0.5247031282790213,-0.0439391541801967,0.7973726921241042,-0.0798180220168886,0.3241524614298112,-0.0447921038215005,1.6258059712149608,0.4789025617445985,-0.6107256866160218,0.0867593943391892,-0.5466062549471814,-0.5918595508518506,0.1504187395055549,-0.4139045860628679,-0.3674350505711271,-0.5407912312909692,0.432342627996318,-0.225864743259227
133,1.551486695315854,-0.265203857438333,1.5953362700257374,1.5901687615087483,1.1130075007525315,1.1799004563936333,2.033913908415601,2.0552865433305847,0.7863451938975079,-0.2803467735953654,1.1954712135450982,-0.3063581849282729,0.9533996371233175,1.2482212529580663,-0.9946999661987296,-0.1513566324902152,0.2783957697732808,0.2001444911963527,-0.4458472247069941,-0.1803895275288307,2.166251040678752,0.116071276800742,2.014677990932348,2.3756728967997307,0.5011058702831275,0.8291124200476427,1.961282869578782,1.6763536139806223,1.2007884184088118,0.4590747606013498
134,-0.5076162267982429,0.6819124630308003,-0.4991854121126036,-0.5414861474155361,0.3444207276741561,-0.0538408532461592,-0.4406708957844742,-0.5339134027793252,-0.9515038636125832,0.6822063814562959,-0.3979950103101704,0.7967629046108688,-0.4510022053608266,-0.413347859030383,1.4330651324927133,0.3505314316117167,-0.0213437175999323,-0.0723677469692058,-0.2121657128350259,0.5874606969261672,-0.5568842288161232,0.4889835592282754,-0.5927743045007721,-0.5758625451806052,0.5624761181692018,-0.1301862724880021,-0.4960086811026836,-0.4973954287429021,-1.0236599222589342,0.3809384579764778
135,2.596658937161354,0.6400252547545242,2.4768065551341056,2.932585195147524,-0.8518703515339441,0.1925283790935842,0.5474053299412788,1.2407125814043949,-0.0387680140799716,-1.030259320020002,0.934886250096966,-0.6545307788140647,0.859838851705798,1.2653825864770147,-0.710355104303384,-0.0021315622060103,-0.121809497106662,0.7192154210355123,-0.1189352650933599,-0.0207674611642944,2.431316679078253,0.4140754151598624,2.291686288253892,2.6762759704022545,-0.4194478480079997,0.661807674598787,0.5882316360664127,1.8270969280949605,1.1134282653934966,0.4391250663141478
136,0.9493765994700764,1.254370976139908,0.9939593465405896,0.9377316219393944,0.6077328628954509,1.0605061361059114,1.5957454169565315,1.4284927727540675,-0.9989661277882788,0.1208351746809525,2.4644694565972216,0.3504343058828607,2.213252541290448,1.8033243871671316,-0.2890046876143846,0.6070644176059111,0.4823114608512965,0.6316222016251538,-1.100881928969868,0.501219390928266,1.422824757980151,1.0833633980319857,1.4308755578675874,1.3701468260357332,0.2293233439305085,0.8189341845830737,1.0401583523377795,0.8754345915145436,-1.1983802282895646,0.5017449400489743
137,-0.5132965107213162,-1.6055945222791697,-0.5403756123513125,-0.5426237884609927,0.4582854347968786,-0.6544132357728112,-0.6143061461248448,-0.3074422379372749,0.5380810428246378,-0.4603824888995788,-0.6105774804915415,-1.0001632912436809,-0.5920859294031182,-0.5039949027458547,0.3346872662029558,-0.7644648800623969,-0.4994679883877347,0.0995744985400154,-0.1576803862327537,-0.585118463571613,-0.573450831216092,-1.6344994813197753,-0.604390781485224,-0.582718404753996,0.2687756461429859,-0.8121280486141371,-0.7099782304201248,-0.3151330580410209,-0.1193205604892832,-0.8997210836269133
138,0.3785080652012031,-1.7219478786021591,0.4337726232941504,0.2332474045404012,2.0879740554908413,0.9695390349343138,1.4362972839613972,1.5677802773266272,0.5636376466115511,1.118828431170451,0.0567654522170409,-1.0134080016937397,-0.0302261862873254,0.0946716165497718,-0.5493485764071919,-0.126765235140009,0.3692460126275512,0.227720134344058,-0.3175040109327528,0.1411241132528184,0.5220157524818461,-1.4065181732854757,0.5283646536909418,0.3892315332274976,0.9087796598120552,0.661807674598787,1.491125563903687,1.0368365237985822,0.5099960973432643,0.945071479764558
139,-0.8654741139518652,-1.0657149489404991,-0.8962589424137564,-0.8025747673478234,0.301721462503135,-0.8890325508778899,-0.818198876820985,-0.595561020543847,-0.8967397126406266,0.551786808165054,-0.714161808067184,1.0671001453038491,-0.7371298983308074,-0.4676920818403867,2.639780724592537,-0.2385443140045819,-0.5757291411486186,0.6543315548056172,1.2444086849990543,0.3745051913260864,-1.0186782707152542,-1.4423438074051511,-1.0499869242734288,-0.8509758844718038,-0.4720509176246358,-1.0933018033228603,-1.1169041760054468,-1.0894055350828478,-1.6157676260294032,-0.5993673529696059
140,-0.984760076336406,-0.9633239953762688,-1.008296287063044,-0.8682735377229414,-0.6006563414444387,-1.1621233691867905,-1.1148728439607505,-1.2618195840825894,0.4249017974825943,-0.4320304077493092,-0.2680634495881099,1.284821412976049,-0.3519960832258853,-0.4038871238853218,0.5573629610987247,-0.8555648293370237,-1.057500684459768,-1.9134474512424744,1.4659823465149615,-1.0564196358233011,-0.9793325900153282,-1.054775583746841,-1.0145417765516398,-0.8302325144805186,-1.0857533964853872,-1.1854784482488652,-1.3058306525103982,-1.7450628184932917,-0.3086008920224658,-1.2360950956361123
141,-1.549664312486053,-1.126218694228454,-1.5466522041829676,-1.216391697632658,-0.3544239122915514,-1.1670507538335853,-1.1148728439607505,-1.2618195840825894,-0.3271925425322773,0.6297550313282954,-0.6668811568044343,-0.7793576389461255,-0.7084181229116744,-0.6375452802586975,0.710369164627404,-0.9764539031290592,-1.057500684459768,-1.9134474512424744,0.795207436789209,-0.1497511688190501,-1.4510665933544402,-1.4065181732854757,-1.4565636187292446,-1.092337299709386,-0.7087647308994971,-1.1685571317890189,-1.3058306525103982,-1.7450628184932917,-0.4994990041670438,-0.3028927295348098
142,-1.1994748086285794,-0.286147461576471,-1.1273359657529125,-1.002515181086819,0.0448142170574937,0.4749054223137515,0.5260618790679146,-0.3033152007647546,-0.5206925426331908,2.603059879387076,0.0935793944216247,1.894440962458206,0.1316488234033038,-0.2828777208670952,1.9397523424351808,3.49878918783241,2.9113949614001458,2.0769103218960634,2.210615143412684,5.342836569757808,-1.037315698415219,-0.2096163061054007,-1.0184139355464574,-0.8620507345518968,-0.0994458411734656,0.2591312340317687,0.3665860491052967,-0.236107017611383,-0.4639078307163593,1.787391905224166
143,-0.317326715375285,0.6819124630308003,-0.4102145795969922,-0.3654361956311289,-2.408970221437172,-1.6101363424569084,-1.0948476650530938,-1.2140491288106672,-1.5210510337209315,-1.4824750143668064,-0.8375967907531414,-0.1358098585850505,-0.8737583468770266,-0.5719801855324583,-1.207708602483754,-1.2980982025618677,-1.004615232871242,-1.6130351505980611,-0.5342345323062361,-1.0691667060519383,-0.4699095662162869,0.5443504483223196,-0.5683499169950013,-0.4777710158997817,-2.240829133484015,-1.3991577790331642,-1.2675608073331508,-1.604079753302922,-0.9799798457512766,-1.4139798696969903
144,-0.3741295546060185,-1.449681024806364,-0.4398715237688625,-0.4154924016312188,-0.6383740256788406,-1.2621871804755478,-0.9994549946202568,-0.9187596191168412,-1.2618340524536702,-0.2080489666621768,-0.4196502704305138,-0.4117715653595627,-0.5386226234502498,-0.4080674487168605,0.4976938751910261,-1.0682804164163056,-0.8525902826935667,-0.7117982486648206,-1.1977447318183525,-0.167907233239661,-0.5465301023161425,-1.5514491476787091,-0.6124329578590751,-0.5447474901936772,-0.7087647308994971,-1.2711028540945537,-1.17351495362755,-1.1375215828203538,-1.808283518785376,-0.5960424039217387
145,1.9775079895463563,1.6941866630408078,2.089618672890243,1.8660467150319715,1.262454928851104,3.389642955687026,2.007548469101445,2.596960172223872,2.129892364409511,1.58522016609239,0.8107294254069971,-0.8236276300394726,0.7662780662882782,0.9047745654826996,-0.929363983864043,1.2358217362191333,0.2263392437582426,0.6283780083136592,-0.3102393007191164,0.567413375795076,2.155896914178771,1.2706337582030176,2.062335332407022,2.1242913791087314,0.733436094423269,3.207002680457617,1.9468902989968917,2.6752184024554277,1.9368785965934112,2.4634648782904303
146,-0.7717494292211545,-1.0168465392848438,-0.7595074776212428,-0.7192425607681282,-0.4106446114333955,-0.431922867490612,-0.3388500801474239,-0.6528236613125658,-2.353466128494673,-0.0889702258310435,-0.2554312145179098,-0.1974975510921733,-0.4772388277265861,-0.3865057732699765,0.1050112874856133,0.6596005846722606,0.9037372224125289,0.8635820233970283,0.1341188073483046,0.3741269399839903,-0.8074540901156517,-1.2990412709264485,-0.8382096130953448,-0.7266914557952049,-0.8884918854230025,-0.5932959861258997,-0.5151987752118712,-0.786396247115643,-1.762985661666323,-0.5361933210601351
147,0.3273855098935423,0.7261267384335366,0.286311706439573,0.1584475058016305,-0.4120679202724299,0.0162796205736138,-0.4400431472293752,-0.420161940711735,-0.3089378255416251,0.0527901799203057,-0.7210193071052928,-1.308601753779296,-0.7534659084830727,-0.4577913125025317,-1.250376999110488,-0.6443023702829811,-0.4692950975127764,-0.938729570803878,-1.068190733008505,-0.4614302747062019,0.3170040477822322,0.3831350947837792,0.1947632633682213,0.1626365847633729,-0.0994458411734656,0.4811439951026842,0.4356703878983717,0.1217180209428536,0.4436670922760807,0.7633075984811687
148,-1.1494883101055338,-0.972632263882108,-1.1619357339534278,-0.9595692316208329,-0.2626204921738567,-1.0876440551025448,-1.09482255511089,-1.199810850565472,-0.3965604670967552,-0.3285453115508241,0.0697586082892469,0.0927974724707586,-0.0921050126216638,-0.3059795159887566,2.4497730208641126,-0.7532869721759395,-1.004548918825363,-1.523495415200806,0.5857416256293622,-0.12289532353023,-0.9109953551154568,-0.73234487666976,-0.9493107904081796,-0.7797804196712061,0.8649437684648587,-0.9692545585984238,-1.2726317897015038,-1.5864016737386044,0.0521641843185574,-0.386570613906126
149,1.187948524239158,-0.1651399710005622,1.0969348471373614,1.0981390093487733,-0.7458338430259096,-0.3726047369349659,-0.0892572546400799,0.2378425484819669,-0.695937825743452,-1.2117126393817292,-0.5322576230562995,-1.3447071973349358,-0.5193164296339363,-0.2511952589859594,-1.391716062936545,-0.9108395838355547,-0.5893235205538196,-0.8235607082458145,-1.1929015916759282,-1.0242682717451363,1.0438637280808638,0.1111859630571497,0.9513235592786762,0.9306686482542657,-0.3931463131996823,-0.0621193228186958,0.3915331714472405,0.6470356307352434,0.4938182912293171,-0.8071766684612858
150,-0.6865451703750538,-0.4886023015784719,-0.7121387473467276,-0.6671954829384892,0.0981882985212688,-0.813605662823107,-0.6366539946863676,-0.4263524964705154,-1.079286882547148,-0.2619179208476903,-0.5777336693090206,-0.818910335906575,-0.5564437254345392,-0.4945341676007933,-0.0453281412538951,-0.9374988941447556,-0.4016547707161663,0.0087370858181625,-0.190371582194117,-0.8033694879610385,-0.674921270915901,-0.6981476804646148,-0.6803446694604861,-0.63123679558107,-0.003006880209633,-0.9558956245511768,-0.5761273240085416,-0.071659765850287,-0.5318546163949384,-0.7190655186928131
151,-0.658143750759687,-0.4420609590492763,-0.6878365292058898,-0.6427362004611726,0.3088380066983053,-0.9233347286113466,-0.8194543739311829,-0.8612390385248399,-0.3417963161247985,-0.7084631989644401,-0.7913989024964089,1.2866357568733169,-0.9183111018377504,-0.5691199632793003,0.2633510405926345,-0.933474847305631,-0.5415774075209185,-0.9012591380561136,1.3134234320285996,-0.683463812516588,-0.7660375841157295,0.1307272180315184,-0.824805985805593,-0.6874900023370979,0.1416515612361154,-0.9813412132125996,-0.8835046564024532,-1.0894055350828478,0.4841116075609489,-1.0077819276825872
152,-0.5189767946443894,-0.7887939608917847,-0.5411994163560865,-0.5437614295064493,-1.107354288140553,-0.6028652117755725,-0.6322597548006749,-0.8351871163733057,-0.5279944294294519,-1.1422500405635685,-0.6026372184474156,-0.6919062630977921,-0.5836704090216481,-0.4844133811665416,-0.3483404266734368,-0.1876848331212012,-0.3555665088302408,-0.8699526726001893,-0.0353910976365424,-0.7829439154878514,-0.6045132107160336,-0.9912665050801436,-0.6139222497801586,-0.5869373952606981,-0.998081613790994,-0.5678503974644767,-0.6231430545760511,-1.0119021543917386,-0.6774548714204632,-1.1574046348365965
153,0.0263304619706541,0.8913485044121816,0.0988962953534482,-0.1279536273920659,0.792763011969875,2.595575968376621,1.372266931341304,0.4452261664011111,2.089731987030077,1.789355150374332,-0.4301169794886799,1.6204750339706886,-0.3732823994848975,-0.1895904719948623,0.3096862525544787,6.143482193768201,2.8086081902876505,0.7889655772326494,3.7035130923149455,2.9976782487622486,-0.109585964016965,1.8731557865793824,-0.0256519409521472,-0.207755623470848,0.9175468380814936,4.315794206379121,2.766307317459199,0.9530902381795056,3.664668289562976,3.361201121214488
154,-0.3854901224521655,0.4934200257875578,-0.4098026775946055,-0.4194741452903169,-0.6312574814836702,-0.7264288575336593,-0.7241621432671618,-0.5230799302014595,-0.4294189576799296,0.0102620581948997,1.1763424004387948,0.9636825431595548,1.1147796162032724,0.2929070204032666,-0.8233596859945002,-0.4235386895254499,-0.3360038652959271,0.93657637290566,1.596747130360416,0.7867991542107896,-0.5216801987161894,-0.3545472804986343,-0.5427340959523638,-0.5292778583357696,-1.687181825768923,-1.0463546922425353,-1.0570310823847815,-1.018297325293559,-1.1676423966730645,-0.844305266162466
155,-1.251733420720854,-0.2489143875531144,-1.2867420406767154,-1.043185848461892,-1.911523782194778,-1.5331933360492656,-1.1148728439607505,-1.2618195840825894,-0.5791076370032775,0.237078707397059,-0.1850516191267937,6.655279348890292,-0.3148687874252822,-0.4102676196808282,-1.7760649794257983,-1.0474895077474953,-1.057500684459768,-1.9134474512424744,2.112541555528594,-0.7969392151454056,-1.3048663271747154,-0.7893402036783352,-1.3406967072689424,-1.013934392793172,-2.6826949182637563,-1.4438784011056152,-1.3058306525103982,-1.7450628184932917,-1.6044431617496406,-1.0172026166515435
156,-0.5076162267982429,1.7616716097081415,-0.4456381518022818,-0.5047972236995611,0.5009846999678997,0.586719150837174,0.247341520603979,-0.0850981102677448,0.479665948454551,0.93170469557867,0.0004617759041481,1.0743575208929228,-0.1109161758273028,-0.1297458217749393,0.6857014978275734,0.7249913458080355,0.1901980887541715,0.2293422309998053,-0.2133764978706319,0.7100141317652898,-0.1282233917169299,2.2248983761180168,-0.1656453815340032,-0.1963291908485298,2.022211300030846,1.376192576268236,0.8170735083184744,0.476497740020033,0.5083783167318698,2.025679920321292
157,1.4350408748928498,0.7447432754452145,1.46352762926187,1.402457989008411,-0.7920913802945153,0.7288552464177953,0.2837509367997183,0.4849488991866188,-0.1629000896164072,-1.064281817400326,0.1101817605138879,-0.2609995874965649,0.4786652814862736,0.3054479948978828,-0.5056801392345187,0.6428337228425746,-0.160271643716499,0.0671325654250681,-0.7739699693562343,-0.1505076715032423,1.4683829145800649,1.039395574339657,1.7614983643481406,1.4193683819472576,-0.0073904693443521,1.945537622567575,0.5484121907898487,0.855640014913671,0.4727871432811853,0.4579664442520605
158,-0.09011535845235,1.037953733379148,-0.0168481673173235,-0.1623672690171278,2.55766597237207,1.3732055463832784,0.8411916537275891,1.1050362343577906,1.6041565150787274,1.6178250594151995,0.5761307741032767,1.29389313246239,0.5162876078975511,0.2724454304383665,0.5943644612984706,0.3130854401920848,-0.0256541305820692,0.1806793313273841,-0.0680822935979057,0.2689730668812859,0.6069195897816863,2.633636292665226,0.6326150881667919,0.4788850814949169,3.955374108442213,1.6961708536856297,0.9230987782717356,1.3200512351649143,2.477217320799249,1.366231692494362
159,-0.4706943812982658,-0.1604858367476419,-0.4481095638166044,-0.4919987619381745,0.2341142926490191,0.0276505082200635,-0.1098474072473257,-0.2762315193200902,0.4139489672882032,0.1321760071410599,-0.0327429562803783,-0.3136155605173462,-0.1826956143751354,-0.2210529167796012,-0.0293274925188697,-0.3559123468123834,-0.1619294948634748,-0.2313332192324484,-0.3296118612888132,-0.0790181678470872,-0.2690395121166648,-0.1689053582421328,-0.3339353686164471,-0.356299247560984,0.4485028006664913,-0.1047406838265791,-0.0244121183693996,-0.1995631838866948,0.1832044138415301,0.1969579439945105
160,0.2819432385089553,-0.6072827250279214,0.2805450784061538,0.1755121214834794,-0.5408773702050089,-0.1603481675345714,-0.1669725257613304,-0.2096830449132007,-0.7945132974929743,-0.4164367631166609,-0.4838942087875325,-1.5508166640646175,-0.4415966237580072,-0.3057594988923598,-0.5230141753641294,-0.3514411836578004,-0.3814289867230624,-0.5735956135951443,-0.6432051855107805,-0.3456853640248082,0.3107915718822436,-0.8854180406356473,0.3109280332127402,0.1914663532258371,0.733436094423269,0.5015004660318224,0.2903054250212761,0.161307174144599,0.831934439010815,0.7455745368925453
161,-1.2074272061208822,-0.469985764566794,-1.196535502153943,-1.0224238993823094,0.8923946307022569,-0.6068450224518299,-0.8944075514099981,-0.7583210490351154,0.4468074578713766,0.0074268500798739,-0.6910628639388178,0.2270589208686148,-0.6678256128363484,-0.6162036219082103,0.8927098908369633,-0.7259010978541193,-0.7930734265171377,-0.6924952984614268,0.1886041339505773,-0.500390162942096,-1.2112650236148916,-0.4001435421054945,-1.1968311076922693,-0.9650644194238728,0.4002833201845743,-0.8242147032283129,-1.0077605157594427,-0.8942005566034726,0.1427598985566619,-0.5622387552684255
162,0.8187300692393895,0.2258073062446827,0.7303420650128537,0.7093501820639838,-0.6148894298347783,-0.5931999572760903,-0.2423023523732048,0.1284760634101797,0.7826942504993779,-1.4980686589994543,0.6519241845244788,-0.6558008195421524,0.6138086382004685,0.6187523401668912,-0.6676867076766501,-0.5839416676961118,-0.412265018056811,-0.0918329068381744,0.2903100769414853,-0.4591607666536256,0.7311691077814527,-0.1021394037463735,0.6772938457992991,0.5790861060290915,-0.9323277767701992,-0.6721773109763108,-0.3789491070366396,-0.0762277450658729,0.6054451534155534,-1.0670768523695464
163,-0.2889252957599182,0.7563786110775136,-0.2038516764010616,-0.3569038877902045,0.2732552857224546,0.8330883831769171,-0.021962609533472,0.0541893943048146,0.1401282124284196,1.460471009031202,-0.7654125903519968,-0.5344212128149015,-0.6806964087138907,-0.5554789033027002,-0.5966838289149754,0.2756394487724529,-0.2199542850076255,-0.5664583883098557,0.5566827847748168,0.1524716535157003,-0.3560141747165011,0.5671485791257497,-0.2317699428301138,-0.4241546782104426,0.1109664372930775,1.1828061024414216,0.2111462868208773,-0.0305479529100129,1.985412014935253,1.310815875029914
164,0.3245453679320058,-1.484587031703261,0.2554190562605414,0.2008246347448884,-1.0347655373498168,-0.7967388461475399,-0.3751339466321434,-0.4475035619796818,-1.6524849960536283,-1.068534629572867,-0.692145626944835,-1.5495466233365296,-0.6638653679509507,-0.4474505089718833,-0.9166968036154812,-0.7331667379803165,-0.4470798921433015,-0.7174755869599363,-1.3322629492741846,-0.8090432580924793,0.2300293851823955,-1.5889032197129154,0.1917846795260543,0.0916169112338878,-0.4457493828163177,-0.2268795094014094,0.1151958162749398,-0.1691099891161217,-0.9395353304664084,-0.5101478868518446
165,1.8326607495079847,0.6632959260191224,1.7600970709805726,1.8063205601455004,-0.3885833244283687,0.5772434111317991,0.9441424167638176,1.20434306632156,-0.1702019764126683,-1.780171866444639,1.6419304930261778,0.4774383786916436,2.0607831132026373,1.5701062649865494,0.3610216672460181,0.5942098235364855,0.762488304690196,2.571649801899012,1.3582224783460228,-0.5408630565463742,1.4435330109801114,0.3521947744076954,1.520233073132602,1.3631151751912296,-0.6386273047439825,0.2400470425357015,0.5464931813789299,1.1784438794817482,0.0133374496450838,-1.4017883898548118
166,3.9712876465451097,-0.1907377093916197,3.9761298438231054,5.244840620038042,1.2695714730462742,0.895628265232391,2.903973405782751,2.852320597273564,-0.5973623539939298,-1.06995223363038,8.906909342399384,0.4701810031025703,9.461985773400189,10.676613884849091,2.136426983136534,0.1252965876996026,1.0609015111458286,0.3688425433940793,3.3039540305649484,0.2576255266184044,2.452024932078213,-1.1736515515075836,2.41976539346708,2.845035590670338,-0.7964365135938902,-0.6530931194802436,0.2298566285773353,0.6835794644599317,-2.0266839013236635,-1.5902021692339348
167,0.0178100360860437,1.0519161361379064,0.037110994995385,-0.1256783453011525,-0.1231362259485216,0.497647197606651,0.2850064339099162,0.4049875539690383,1.5457414207086406,0.2172322505918699,0.0560436102130296,1.1396739011945825,0.3306511288945359,-0.2054317029354301,1.279725582115388,0.6495404675744489,0.1653303215495357,0.7257038076585015,2.9600910804528304,0.3680749185104532,0.1223464695825983,1.493729752493726,0.2305062694742271,-0.1217936918967929,1.0315201555842053,0.9646101796697198,0.4903621561095563,0.9530902381795056,2.9496092593265084,1.0337367877076742
168,-0.6354226150673935,-0.2186625149091366,-0.6033966187165369,-0.6333506618361557,-0.1943016679002231,0.2095847105632587,-0.2817249616334191,-0.4513726593289197,0.5672885900096821,0.0485373677477649,-0.3929421162820902,0.6280289221649146,-0.3856581647517652,-0.415328012897954,0.6103651100334958,0.9189280476380692,0.9140158995237784,0.9819950792665868,0.8944918097089054,0.3707226779051256,-0.6252214637159946,0.2316903687324228,-0.6273258770699108,-0.6141850422831491,0.356447428837379,0.3202006468191837,0.0403544492491083,-0.012276036047669,0.8028143880057095,-0.0163929532436135
169,-1.1154066065670938,-0.4211173549111383,-1.1088003756454934,-0.9490460519503592,-1.125857303047995,-0.8579521246442608,-0.3899488125324787,-0.9855660333470132,0.5563357598152899,0.0499549718052778,-0.1749458310706333,1.2793783812842434,-0.0589379617064585,-0.3860657390771829,-0.787024879492047,0.3197921849239591,0.856985820067813,-0.1761819329370377,0.6123788964126955,0.3094459604855643,-0.9917575418153046,-0.1965888027891552,-0.9490129320239626,-0.8383189129516976,-1.6262499367963206,-0.728793745747977,-0.3823073735057474,-1.201321025864705,-0.0529915554220996,-0.3245048983459438
170,1.6111296765081244,0.5283260326844543,1.5541460697870286,1.635674403327012,-0.1800685795098834,0.497647197606651,0.4821194802109877,0.9799354200657698,1.0309584015722482,-0.9905664064096248,1.9855272869356264,-0.0559787271052441,1.7924765222169463,1.8495279774104545,-0.0789961729671774,0.3471780592457797,0.0850903260359099,0.8635820233970283,-0.190371582194117,0.0945991981750033,1.9591685106791412,0.4824698075701527,1.8776631341926595,1.9836583622186617,0.1285007938319566,0.4404310532444073,0.4294336073128859,1.0261779056288816,0.2738001280796345,-0.0773503524545065
171,1.5344458435466342,3.0671562676520816,1.4841227293812242,1.6157656850315216,-0.865391785504768,0.16410115997746,0.3226713472158535,0.4501270230434788,-1.400569901582627,-1.3704842938232409,1.2055770016012584,0.1889576990259798,0.9187474943760884,1.5305031876351296,-0.5006799365048236,0.053757977226276,-0.1741975933510952,-0.1648272563468063,-0.8744651273115365,-0.5820924528348445,2.4085376007782955,3.213360190238159,2.1725429345672063,2.806361511025569,0.3695981962415377,0.9887834888980718,0.6107799966447083,0.7292592566157917,-0.3037475501882822,-0.4580570184352638
172,-0.135557629836937,-1.4264103535417665,-0.1684281041957721,-0.2445618345513663,0.0070965328230917,-0.3265526419668446,-0.6267355675158042,-0.6007198170094973,-1.6488340526554972,0.0910654894731689,-0.703695099009018,-1.4210910754099322,-0.7301994697813615,-0.504654954035045,-0.969365605701606,-0.4766337519861219,-0.5097466654989844,-0.8332932881802987,-0.8272445109229005,-0.4009100599708327,-0.1924189760168091,-1.5188803893880944,-0.2249191999931296,-0.3065503178361218,-0.0556099498262691,-0.0436712710391641,-0.4619462640588758,-0.5184081331345977,-0.8424684937827254,0.1792248824058871
173,-1.121086890490167,-0.4094820192788392,-1.1059170616287834,-0.9720832831208552,0.6931313932374931,-0.3661612339353112,-0.8929009548777604,-0.7678648224965685,0.3591848163162465,0.8905941779107789,-0.571958933276929,0.0002659337100741,-0.6064418171126847,-0.5563589716882873,0.2860186263005871,-0.6415078933113668,-0.774538650693949,-0.6767609609006773,0.7056093441543614,-0.0128241829802771,-1.055953126115184,-0.4620241828576615,-1.052071932962946,-0.8877162601343345,0.3608310179720982,-0.7014397379369474,-0.9905374062964468,-0.8961800142635599,0.2495334189087136,0.2230033782028017
174,0.4608721820857667,0.2234802391182225,0.437891643318021,0.3026435083132531,0.4369358022113676,0.3043421076170061,0.3251823414362492,0.4049875539690383,0.4504584012695076,0.0329437231151166,-0.2088724052591714,-0.5369612942710771,-0.3079383588758361,-0.1792496684642139,-0.7583570505084599,-0.0971437792408972,-0.2670372575817365,-0.5124425696734682,-0.3417197116448737,-0.2511225285007936,0.6814693005815459,0.7511620634677202,0.5551719082704463,0.3646207552717354,1.0008350316411674,1.2324250003311965,0.6016647019428442,0.5069509347906064,1.767011632396965,1.2443168940725762
175,-0.2434830243753313,-0.5281624427282887,-0.3055914709906723,-0.3085541433582995,-0.8476004250168426,-1.030979131664404,-0.6686691709964142,-0.6283193781007267,-1.152305750509757,-0.8587292290608699,-0.4059352723542963,-0.5917544799685805,-0.4069444810107777,-0.3444825078581923,-0.3363399401221677,-0.8069409300309346,-0.3084835362561299,-0.4443145101320785,-0.6928473719706287,-0.4913121307317906,-0.233835482016731,-0.338262901353327,-0.2508328794199835,-0.3019797447871947,-0.209035569541457,-0.7835017613700362,-0.4489929505351741,-0.2714327235452479,-0.63862813674699,-0.4275783188298169
176,0.0604121655090941,-1.3542712726215127,0.0222825229094499,-0.0389332155850876,0.1921266818975148,-0.5325552231616918,-0.3962262980834683,-0.0745225775131615,0.9615904770077692,-1.1791077460589188,0.4216565852448273,-0.734361910293871,0.4440131387390439,0.1749778567345949,0.0160076788970352,-0.6258588222703266,-0.27499494308722,0.1725688480486473,0.2564080959445159,-0.8820457671170184,0.1037090418826334,-1.4293163040889056,0.0934914127345386,-0.0129788950781014,-0.1169801977123435,-0.6473678620314235,-0.5228748128555462,-0.0899316827126309,0.2608578831884773,-1.2870776477034045
177,-1.0472431994902132,-0.8911849144560151,-1.0441317612707204,-0.9251555899957709,0.6361990396761323,-0.5139827733391573,-1.0314701709303036,-0.948164758971048,-0.0862302782556682,0.2413315195695997,-0.7719091683880999,-0.5699823532013608,-0.820790071534833,-0.6265444254388587,-0.1760001059232684,-0.9734358679997158,-0.9640973508391548,-1.1069409940048809,-0.6686316712585076,-0.3683804445505717,-0.9834742406153204,-0.9570693088749984,-1.0064996001777886,-0.8529095884540423,0.0758977242153205,-0.8840118365826568,-1.1792240066250337,-1.0653475112140949,-0.4622900501049647,-0.0695921380094837
178,0.2478615349705153,-0.8795495788237164,0.2257621120886712,0.084216427585588,-0.900262852061101,0.0996661299809116,-0.2981719737770117,-0.2868070520746735,0.2533074577704631,-0.5284274836602266,-0.6257361625757818,-1.3067874098820278,-0.2920973793342457,-0.4500907141286446,-0.9740324615826552,0.3684160842300484,0.1507412314561491,-0.0399258138542586,-0.8030288102107794,-0.2235101805277815,0.0291593310827738,-1.0368627666870036,0.2066775987368901,-0.127243221301283,-0.8227380484022077,0.6897978221263523,0.3262868514760028,0.3546849609377395,0.0861375771578465,-0.0180554277675471
179,-0.3684492706829453,0.7075102014218578,-0.2763464288211887,-0.4314193762676111,0.8852780865070865,1.4319551325566018,1.0131947578247027,0.5079055434587629,1.1368357601180303,1.3810851818104457,-0.3575718580855295,-0.2682569630856382,-0.301502960937065,-0.3345817385203374,-0.019327087059479,0.7322569859342329,0.4952426997977071,0.5180754357228378,-0.4531119349206305,0.6892103079500065,-0.2214105302167547,0.7283639326642901,-0.0584163632159861,-0.306901900378347,1.9871425869530888,1.7814135757013962,1.707973627337506,1.265235484577882,0.8189921941196567,2.236260026686194
180,0.8300906370855361,-0.0487866146775728,0.8827458058960763,0.6829000277571182,1.262454928851104,1.001756549932588,1.283126636517253,1.549724489696851,1.1660433073030747,0.0641310123804132,-0.3943858002901132,-0.9758510830202852,-0.3529861444472346,-0.1838700274885461,-0.503013364445348,-0.3016994935630654,-0.0445536336575926,0.3315343203118899,-1.0621368078304747,-0.5518323454671599,0.6876817764815344,-0.128194410378865,0.7815442802751492,0.5421699390954483,1.6627569909838351,0.8850927151027734,1.1015666534871795,2.127060896585108,0.336893571924029,0.3693011363089436
181,1.8127797557772292,1.9827429867218207,1.7477400109089607,1.888799535941103,-0.339479169481694,0.0579728752772626,0.8361696652867977,0.8893985420936062,-1.327551033620018,-0.9749727617769764,0.4288750052849418,-0.0505356954134389,0.4459932611817427,0.6528549901083917,-0.6736869509522845,-0.2715191422696309,0.0887375985592564,-0.1437399998220905,-0.9156318185221424,-0.3434158559722319,1.698244522879632,1.9057245448699969,1.6512907621879556,1.7428243207944176,-0.441365793681598,0.1389008276065455,0.6832226019068913,0.6348543528270142,-0.7502549989332259,-0.036896805705459
182,-1.2951875927323655,-0.7864668937653249,-1.3081609448008438,-1.0673607206778446,-0.8340789910460187,-1.202869049919902,-0.907464721356056,-0.8318338986706327,-0.9515038636125832,0.1747041288664659,-0.6856490489087319,-0.7017037201430413,-0.81732485726011,-0.6093830919199101,1.533069187086621,-0.8427102352675979,-0.6642583923971229,-0.3525038394167774,0.3980699451104241,-0.0964177295835058,-1.1926275959149266,-1.0612893354049642,-1.2367441311773093,-0.9575053947660316,0.7904227531746242,-1.0121939894645748,-0.962279992720668,-0.6453979553278885,-0.232565203286914,-0.120020531902131
183,-0.0276322352985432,0.4561869517642012,-0.0897548217398379,-0.1464402943807355,-0.4028164128187084,-0.661235768360681,-0.9313191664498164,-0.7727656791389363,-1.0756359391490178,-0.6304949758011977,-0.5279265710322307,0.519168288328815,-0.5935710212351423,-0.4019069700177508,0.1160117334909433,-0.6510091150148555,-0.8153881029554312,-0.2848624088721118,-0.958009294768354,-0.3290423049725816,-0.1944898013168052,0.7495336255531898,-0.2678108073203365,-0.2902017296226513,-0.1608160890595401,-0.6550015386298504,-1.0068969615245291,-0.5325688687029142,-1.091606707937513,-0.430903267877684
184,1.804259329892619,0.505055361419857,1.6694786304554137,1.851826201963764,-0.9116493227733736,-0.3953465122278654,0.0203476430801973,0.2914940317247307,-1.2581831090555402,-1.5632784456450757,1.0186199225622938,-0.3190585922091514,1.1276504120808146,0.949658053147642,0.3060194372193691,0.3270578250501562,0.3539937820753743,0.7970760605113859,-0.863568061991082,0.0522350478602448,1.6464738903797296,0.0802456426810665,1.6215049237662842,1.5283589700370614,-0.4194478480079997,-0.1473620448344627,0.2092272774099588,0.4551805036806314,-1.072193340600776,-0.702440773453479
185,0.0263304619706541,1.9920512552276608,0.0239301309189979,-0.0881361908010853,-1.0055877061496197,-0.0083573026603604,0.2699404685875413,-0.1248208430532524,-1.714551033821845,-0.2137193828922315,-0.2518220044978526,2.0087446279861103,-0.3767476137596205,-0.2283134809606948,-0.2446695567444185,0.1660959514851716,0.2190446987115495,-0.2735077322818804,-1.0524505275456262,-0.077883413820799,-0.1075151387169689,2.420310925861702,-0.1418167107966661,-0.2049429631330465,-1.0638354508117889,-0.0742059774328716,0.164130556253368,-0.4935887793965804,-1.63518099336614,-0.3317089546163223
186,0.9465364575085402,4.651888980771197,0.8827458058960763,0.75570905466634,0.1252311664629157,0.4824860140780516,0.6641665611896842,1.0108881988596716,-0.0095604668949282,-0.4447888442669306,0.4743510515376627,-0.6545307788140647,0.0672948440155917,0.190599070578766,-0.7270224467357023,0.1325622278257997,-0.1947549475735943,0.3153133537544162,-1.002808341085778,-0.3918320277605272,1.2923627640803967,3.125424542853501,1.0108952361220191,0.9271528228320138,0.1811038634485927,0.7585009115121941,0.2490467226865229,1.4007522013069336,-0.0772582645930205,0.0562017676348127
187,-0.4848950911059494,-0.9889217337673266,-0.5502612604086023,-0.5073569160518384,-1.216949068746173,-1.3343923170305032,-0.9826689982569108,-0.97602225988556,-0.9697585806032356,-0.7453209044597904,-1.0462091299124494,-0.9840156305579928,-1.0440488769491258,-0.6893373047504985,-1.258710670326647,-1.1484260159622044,-0.8422121345134986,-1.3032146893503127,-0.4046805334963883,-0.9210056553529123,-0.6355755902159752,-0.8642483477467476,-0.697322597360839,-0.5927385072074136,-1.2567133727394535,-1.1228186861701113,-1.0063212587012536,-1.1280810924414757,0.0003952047539266,-0.8930711855311798
188,-0.8029909907980579,-0.2558955889324932,-0.7430313975257591,-0.7550782537000108,-0.0313328058308268,0.5336550084870754,0.82863668262561,-0.5256593284342846,0.8849206656470302,1.9693908656785448,-0.5860348523551523,0.7713620900491123,-0.2460595325414977,-0.5268766807711193,-0.1259980786263144,1.881345916662041,1.8868429525691408,0.2179875544095739,-0.0717146487047241,1.8459029120797523,-0.7639667588157334,0.3717360293820642,-0.5987314721851065,-0.7166713533417874,0.102199259023638,1.4665244160162876,2.2616078423875674,0.1095367430346244,0.6588319135915788,2.5355054409942137
189,-0.1071562102215702,1.0426078676320674,-0.1412425720382238,-0.1845512694035311,-1.133685501662682,-0.6873888099475152,-0.5251658513007934,-0.6572086383083686,-0.1409944292276239,-1.2060422231516754,0.1065725504938307,-0.2900290898528582,-0.0183454516311324,-0.0089564358531095,-0.8966959926966996,0.0666125712957017,0.0602225588312738,-0.2799961189048696,0.6583887277657252,-0.2677655875530203,-0.2607562109166805,0.1079290872280883,-0.2758529836941877,-0.306901900378347,-1.695949004038363,-0.7001674585038762,-0.6538472051507512,-0.8153267821476876,-0.3846365807580185,-1.149092262216929
190,1.4975239980466564,0.9797770552176532,1.5294319496438036,1.4223667073039012,0.4511688906017083,0.9752244787575386,1.4576407348347618,1.0302336856058605,0.6074489673891167,-0.3965903063114719,0.4299577682909589,1.0616571136120443,0.5796515260639138,0.4416385775674869,1.18972193298087,0.3935663769745772,0.240596763622234,0.6154012350676802,0.1595452930960319,0.0582870693337818,1.1142717882807311,0.7902445734164577,1.121102838282204,0.9429740372321468,0.6106955986511188,0.2705817489294092,0.3531529832288653,0.6363770125655431,0.0311330363704256,-0.4325657424016176
191,-1.035882631644066,0.1327246211862907,-1.0400127412468498,-0.902118358825275,0.7571802909940243,-0.8458231778213812,-0.5083421900241415,-0.4699443266052608,-0.2724283915603206,0.2271554789944644,-0.1200858387657634,2.5312756703993884,-0.1727950021616412,-0.3766050039321216,2.999795321130607,-0.6493324288318869,-0.439122206637818,-0.0756119402807007,1.7214579890278388,-0.0888527027415848,-0.9917575418153046,0.6160017165616712,-1.0002445741092374,-0.8399010343917108,0.83864223365654,-0.9648015805826748,-0.7392431239366359,-0.7193992186203817,-0.0287248462511788,-0.3583085469992578
192,-0.2633640181060881,-0.4327526905434374,-0.32289135509093,-0.3222058359037784,-1.7229353610227691,-1.1200510848949263,-0.5704892969789378,-0.9767960793554076,-1.1851642410929313,-0.9140157873038964,-0.8740498119557195,0.6969739902611111,-0.9866253261108598,-0.5891415190514068,-0.2600035117821511,-0.5470545716708028,-0.036595948152109,-1.0402728214536636,-0.1116705548797239,-0.584361960887421,-0.4823345180162636,0.3489378985786341,-0.5653713331528343,-0.4897248223354375,-0.9761636681173956,-0.6581822372125283,-0.2033597459375735,-0.9883009284445444,-0.2163873971729668,-0.6630955430537209
193,-0.351408418913725,-1.2053389765280866,-0.2891153908951885,-0.4058224527448377,-0.6234292828689831,0.5734531152496491,0.6101801854511741,-0.2352190874181699,-0.7872114106967132,0.1832097532115455,-0.7314860161634588,-1.4091164056879617,-0.234178797885305,-0.5277567491567065,-0.5133471167533852,1.7013815996900787,1.6474492469458442,0.3088249671314267,-0.954376939661536,1.4222614089321672,-0.3891473795164388,-1.2990412709264485,-0.0673521147424874,-0.4245062607526677,-0.3054745305052885,2.103300272268396,2.401215777031907,0.6318090333499568,-0.4234633154314912,1.876057213167283
194,-0.9876002182979424,1.3800326009687365,-0.9868773829389152,-0.8756682045184092,0.0149247314377788,-0.6064659928636149,-0.8161900814446682,-0.8452467694813238,0.3117225521405509,0.0698014286104669,-0.5611313032167573,0.5010248493561321,-0.6777262250498425,-0.5213762533612,0.0493423637616713,-0.8455047122392122,-0.6990732664836135,-0.90044808972824,0.1256433120990622,-0.4447872156539755,-0.8323039937156048,1.5490966415877698,-0.8721654688960503,-0.7469074519731523,0.7685048075010259,-0.7281576060314413,-0.7661092556894985,-0.8107588029321018,0.8222277553424459,-0.1371994353161101
195,-0.7405078676442511,-1.014519472158384,-0.7455028095400817,-0.7070129195294699,0.3515372718693264,-0.4976845010459128,-0.5714936946670962,-0.5063138416880958,0.2606093445667242,-0.1584328246492052,-0.5376714380863854,-0.3245016239009562,-0.5841654396323229,-0.4778128682746383,-0.1263314254749605,-0.7376379011348995,-0.3595453515829826,-0.2816182155606172,-0.4567442900274485,-0.3823757442081258,-0.7494709817157607,-0.7307164387552291,-0.7857865374732033,-0.6834468031015084,0.2863100026818638,-0.6111078981888958,-0.4403574081860397,-0.2820913417149487,-0.383018800146623,-0.3245048983459438
196,1.934905860123307,0.9937394579764116,1.93309591198315,2.016784153554969,0.3088380066983053,1.0661915799291362,2.290035318895974,2.1171921009183894,1.4362131187647271,-0.5411859201778481,2.161295814912414,-0.7185771183876366,1.735548001989355,2.1465510575461013,-0.5860167297582916,0.7602017556503758,2.098384758923245,1.110140715070629,0.419864075751333,0.4565857325609311,1.9281061311792,0.2154059895871155,1.728733942084302,1.9854162749297877,-0.4939688632982341,0.400354251102666,2.048118045422856,1.4601359311095514,0.364395842317739,-0.3023385713601648
197,-0.7461881515673244,-0.1953918436445392,-0.7698050276809201,-0.7038844066544643,-0.2071114474515293,-0.8420328819392313,-0.7836727062905425,-0.7281420897110609,0.0817131180583329,-0.4901521741073624,-0.045014270348573,-0.6784801182580066,-0.090124890178965,-0.2936585585905372,-0.2203352367932342,-0.8287378504095263,-0.6446957488628093,-0.4251737695942595,0.2878885068702733,-0.8828022698012107,-0.6832045721158854,-0.5239048236098285,-0.719066259408659,-0.6533864957412561,-0.6167093590703843,-0.9501703671023566,-0.9169913706229854,-0.7486342856001321,-0.260067473680624,-1.057102005225946
198,1.5912486827773675,0.1234163526804517,1.5953362700257374,1.5674159405996164,0.7002479374326634,1.5267125296103494,1.919663671387592,1.2505142946891306,-0.2870321651528418,0.5914797217754322,1.302664751140798,-0.7926023493961842,0.6182639136965411,1.15449396989304,0.4803598390614153,1.4023725637273463,1.1971768754272345,1.2837050572355977,-0.7110091475047194,1.310299011671734,1.865981372179317,-0.0142037563617151,1.564911830765109,1.8500569961730955,1.6934421149268728,2.170731082221168,2.766787069811929,2.072245145998075,-0.2455074481780722,2.5355054409942137
199,-0.0475132290292996,-0.5211812413489091,-0.0222028933483555,-0.1492843969943769,0.9422104400684482,0.4464782031976277,0.114133277211981,0.0913327288574971,0.3518829295199854,-0.2123017788347176,0.0715632132992756,-0.7385349012575882,-0.1500235940706046,-0.1011435992433584,-0.2300022954039788,0.0733193160275762,-0.0233331389763032,0.2634062607705001,0.0094079486808813,-0.4160401136546751,0.0250176804827817,-0.5874139022765263,0.0249839843646939,-0.0959523750432426,0.8254914662523812,0.4576068255908677,0.2336946473991729,0.3470716622450962,0.2705645668568455,-0.2424894884985611
