ID,radius1_0,texture1_0,perimeter1_0,area1_0,smoothness1_0,compactness1_0,concavity1_0,concave_points1_0,symmetry1_0,fractal_dimension1_0,radius2_0,texture2_0,perimeter2_0,area2_0,smoothness2_0,compactness2_0,concavity2_0,concave_points2_0,symmetry2_0,fractal_dimension2_0,radius3_0,texture3_0,perimeter3_0,area3_0,smoothness3_0,compactness3_0,concavity3_0,concave_points3_0,symmetry3_0,fractal_dimension3_0
300,-0.8654741139518652,-0.1069632928390675,-0.7689812236761461,-0.8341443063592436,1.796195743488865,2.104732651638209,1.005661775163515,0.3804832707571993,1.4033546281815528,2.367737605839837,-0.6993640469849494,-0.3444594067709079,-0.5678294294800575,-0.5796807839063455,0.1213452830692852,1.118453703411332,0.4637435280051681,0.2585399708032582,-0.3828864028554795,0.2421172215924659,-0.6272922890159907,1.163156855843991,-0.4617166154454175,-0.6547928259101568,3.771263364783988,4.348873471638972,2.725048615124446,2.098130361553063,2.027474310831516,3.1229131061173616
301,-0.8115114166826684,-1.472951696070962,-0.7747478517095653,-0.7638949718022993,1.9456431715874385,0.1280933490970359,-0.1230301269044036,0.1697464351353824,0.7534867033143345,0.8990998022558585,-0.5376714380863854,-0.4192103753383628,-0.5232766745193339,-0.5345772791450065,-0.1353317903884122,-0.430804329651647,-0.3608716325005631,-0.0253269439525322,0.06510406031876,-0.0279542366641194,-0.7101253010158348,-0.8381933411142561,-0.6651538918654335,-0.7110460326661845,1.2550832014549074,-0.0722975582832649,-0.2278271159267876,0.2618027168874909,0.7154542349903942,0.4546414952041934
302,-0.8768346817980122,-1.014519472158384,-0.87731145030395,-0.8025747673478234,-1.1735381491556351,-0.6358407859502765,-0.6696735686845725,-0.7268523905946482,0.6987225523423778,-0.0478597081631524,-0.8697187599316508,-0.3372020311818346,-0.7846528369555793,-0.6305047331740007,-0.5816832207258888,-0.3603835099669663,-0.4862051792119289,-0.7844681788423028,-0.2109549277994199,-0.7012416255951028,-0.8654371985155425,-0.7893402036783352,-0.8200402516581252,-0.7620255012888347,-1.0024652029257135,-0.3566520115746664,-0.5607752487211917,-0.7166584310910301,0.487347168783738,-0.6137754655103621
303,-0.4934155169905593,-0.4211173549111383,-0.4666451539240235,-0.5460367115973626,0.5579170535292605,0.4805908661369768,-0.3751339466321434,-0.5189528930289392,-0.1190887688388416,0.4369608795064605,-0.5210690719941221,-0.62386836695023,-0.3708072464315241,-0.4650518766836254,-0.1086640424967036,0.6467459906028346,0.5197788967729482,-0.2086238660519853,-0.2618078992948741,1.1684547583857123,-0.4326347108163571,-0.4147994833362709,-0.3583597561222175,-0.4923616914021263,0.4528863898012105,0.6681690717641426,0.2322553903409837,-0.2522472108397868,-0.1322628053804414,1.5435623083805952
304,-0.2406428824137946,-1.2960945944600182,-0.254515622694673,-0.3216370153810503,-0.905956087417238,-0.3523266539654639,-0.4774569611132729,-0.5230799302014595,-0.7105415993359732,-0.9721375536619496,-0.8007828485485577,-1.2447368485954509,-0.6306983170357453,-0.5517386126639551,-0.9233637405884084,-0.2653712929320794,-0.119820075730291,-0.539856003155599,-0.7182738577183558,-0.4470567237065518,-0.4202097590163803,-1.352779722105962,-0.3178510158687443,-0.4515781165040061,-0.6912303743606186,0.0905542091498419,0.0691395904128897,-0.3483270403409456,-0.2665385961262031,-0.5954882457470945
305,0.1342558565090478,0.9309086455619976,0.0824202152579644,0.027903195835487,-0.6789383275913105,-0.7197958397398969,-0.0615107685047061,0.09778122443956,-0.6740321653546687,-1.2244710758993504,0.0379975601127434,0.7441469315900875,0.0237321502762176,-0.1612082665596783,0.423690874791534,-0.4503656684529472,0.0661908229603867,0.6429768782153855,-0.3804648327842674,-0.3494678774457688,-0.0992318375169847,0.982400247331082,-0.1507524623231674,-0.2151388568575765,-0.0512263606915487,-0.6117440379054314,-0.0224931089584808,0.3242317661671662,-0.6855437744774369,-0.8637008022750222
306,-0.5445380722982196,-1.2099931107810062,-0.5432589263680218,-0.5485964039496398,-1.0874279643940763,-0.4948417791343004,-0.2562383702964015,-0.6082000718846902,-0.6046642407901909,-0.1782792814543942,-0.5001356538777901,-0.7002522450252265,-0.3807078586450182,-0.4483305773574704,-0.8786952628697962,0.2672560178576099,0.3828403920327523,-0.15022838644508,-0.1613127413395717,0.3128502225644289,-0.6500713673159476,-1.040119642516065,-0.5841364113584872,-0.6164703288076128,-1.3049328532213698,-0.0710252788501937,0.1698875844861241,-0.3533518174780903,-0.3619876521984921,0.2379656489182022
307,-0.8115114166826684,-0.8818766459501762,-0.7656860076570494,-0.747683586904543,-0.9045327785782036,0.1337787929202607,0.1494127460085422,-0.5506794912926888,-0.0059095234967981,1.3782499736954197,-0.2695071335961329,-0.2718856508801749,-0.1470534104065564,-0.382105431342041,1.1130521577922077,2.3033119393758037,2.083132528371068,1.406984403072398,-1.0112838363350205,3.2284115674408445,-0.8757913250155231,-1.0987434074391706,-0.8200402516581252,-0.7569275544265698,-0.971780078982676,0.1694355340002528,0.1435012050859913,-0.4855186827823785,-1.2032335701237489,1.1279436773972362
308,1.5401261274697071,0.9122921085503196,1.5211939095960625,1.476404656963089,0.3301876392838164,0.5203889728995506,1.2153297925665654,1.3717460116319138,0.6476093447685511,-0.5610323769830361,0.7417935140239039,2.9376887033874928,1.2459627280320698,0.6548351439759624,1.3997304476280774,0.8658329851773973,1.418997358892588,3.668187141184237,0.864222183818754,0.9248608940758508,0.9423932883810552,0.7755886321856813,1.0347239068593566,0.7601511152750562,-0.3186252979094485,-0.0818396540312985,0.5311411060915799,1.0337912043215247,-0.5253834939493592,-0.4392156404973511
309,-1.5317714181283717,-0.5700496510045647,-1.5116405339800651,-1.1961985690758032,0.5365674209437504,-0.5697001228067609,-1.1148728439607505,-1.2618195840825894,0.63300557117603,1.159938948838342,0.4032496141425355,1.564230373155371,0.1489748947769184,-0.2527353786607368,2.9264590144284086,-0.3251731001246258,-1.057500684459768,-1.9134474512424744,-0.2291167033335108,1.1124735597554956,-1.2630356561147942,-0.4685379345157842,-1.2882736316468006,-0.9907299450063104,0.5975448312469589,-0.7841379010865718,-1.3058306525103982,-1.7450628184932917,-0.7373127540420682,0.2606861340786263
310,0.387028491085813,0.1583223595773482,0.4296536032702797,0.2554314049268049,1.3976692685593377,0.9828050705218386,1.259272191423492,1.0887860254909922,0.4285527408807243,0.658107112478566,0.8728078377519816,0.2071011379986631,0.8954810556743769,0.584649690225391,0.0760101116533802,0.2124842692139693,0.5910664960929048,0.7451689675274697,-0.2448569087963897,0.1653321991469661,1.0210846497809067,0.6078595269890176,1.0377024907015235,0.8410150999868462,1.5663180300200024,0.871733781055526,1.358234162197563,1.4844984869260105,0.4630804596128171,0.9949457154825612
311,-0.5757796338751234,-0.3652677438761038,-0.5725039685375053,-0.5935332252451752,0.465401978992049,-0.1281306525362974,-0.5143685761530914,-0.4039117318449364,0.4577602880657687,-0.1683560530517997,-0.4369744785267885,0.7895055290217955,-0.4935748378788515,-0.3986067135717991,0.3683552979162384,-0.5124030572227851,-0.4464167516845113,-0.6947662337794731,-0.0474989479926028,-0.7553315675148392,-0.5610258794161153,0.0199934398434299,-0.5638820412317508,-0.564436112558287,0.4748043354748087,-0.4896052123306011,-0.5367876310847072,-0.7909642263312291,0.2398267352403455,-0.7279320494871252
312,-0.0191118094139328,-0.490929368704932,-0.0914024297493865,-0.1302289094829789,-1.1322621928236485,-0.9614272022269532,-0.7782740687166915,-0.4232572185911253,-0.622918957780843,-0.7311448638846559,-0.9195258582084408,0.8493788776316505,-0.8064341838252663,-0.6087230406307198,-0.556682207077412,-0.7124876083903705,-0.6821631847844609,-0.4284179629057544,-0.4058913185319943,-0.8892325426168437,-0.2793936386166454,-0.054914704224983,-0.3229146084004285,-0.3446970236675532,-1.1295892878325835,-0.8343929386928822,-0.8999601621010815,-0.5404866993432634,-0.6111258663532791,-0.9894947079193196
313,-0.1753196172984507,-0.0930008900803083,-0.1593662601432562,-0.2752781427786941,0.6788983048471524,0.196318674975734,-0.0376563234109459,0.1261546050006368,-0.0205132970893193,-0.2845995857679062,-0.6914237849408235,0.2089154818959316,-0.6698057352790473,-0.4630717228160544,-0.5330145808235205,-0.3302031586735315,0.038007353461799,0.3039586771641845,-0.8950484729168394,-0.5034161736788644,-0.3042435422165985,0.2479747478777296,-0.2958094954367076,-0.3610456118810237,0.4572699789359308,0.0173981417482509,0.3435579361742715,0.4673617815888611,-0.3797832389238339,-0.3926663538272152
314,-0.3769696965675551,-0.4257714891640577,-0.3673767713487355,-0.4169144529380395,-1.1329738472431652,-0.2916819198510656,-0.187060479524497,-0.2086512856200707,-0.8675321654555822,-0.7509913206898441,-0.1489595189262213,0.0873544407789534,-0.0980453799497603,-0.2148924380804915,-0.5400148646450941,0.5193178406972218,0.4494860081411768,0.3315343203118899,-0.2242735631910868,0.1029207277011167,-0.5237510240161856,-0.7518861316441288,-0.492693887403956,-0.5090618621578221,-1.6231814244020166,-0.4647957633857139,-0.39382142997126,-0.4818642994099096,-1.476638493449457,-0.7434484783771708
315,-0.8711543978749384,-1.037790143422982,-0.892139922389885,-0.7869322029727953,-1.34860513635682,-1.0738094751326976,-0.774382027675078,-1.0749163881320771,-1.00991895798267,-0.0932230380035843,-0.7928425865044317,-0.9593405535551434,-0.7935633879477241,-0.6019025106424198,-0.9273639027721648,-0.6029441111030892,-0.4142544394331819,-1.2373575651269697,-1.04518581733199,-0.097552483609794,-0.7432585058157725,-0.867505223575809,-0.7884672629311534,-0.6748330308169916,-0.8928754745577223,-0.4221744023778304,-0.3084255111853753,-0.8990730677667644,-0.502734565389833,0.423054479249458
316,-0.6609838927212237,-0.4723128316932533,-0.6882484312082765,-0.6342038926202482,-0.3907182876869189,-0.7963598165593249,-0.7566795184212876,-0.839314153545826,0.1291753822340285,-0.3696558292187151,-0.2215046403293717,-0.1394385463795872,-0.3173439404786556,-0.3361218581951148,-0.5260142970019468,-0.3262908909132714,-0.3681661775472564,-1.0378396764700424,-0.698901297148659,-0.2738176090265572,-0.5838049577160727,-0.1933319269600939,-0.6332830447542452,-0.5600413307804724,-0.3493104218524857,-0.5195037790077732,-0.6106694934050793,-0.9295262625373376,-0.1969740298362304,-0.1516075478568664
317,1.074342845777691,0.402664407855626,1.3358380085218728,0.9644661865076242,1.895827362221247,2.904485082771838,2.8889074404603763,1.8282994988419696,1.100326326136726,1.184038217816072,-0.0078394071419834,-0.8022183720517063,0.1271935479072315,0.025806265377581,0.0393419583022806,0.6540116307290317,0.9866297797613156,-0.2086238660519853,-0.560871803089569,0.4932761127442486,0.938251637781063,0.3424241469205114,1.2610962788640596,0.7443299008749233,2.407967143886175,2.146557772992816,3.0282521020496094,1.2454409079770097,0.5569117350737116,1.986888848096179
318,-0.624062047221247,-1.9500004569952183,-0.652001054998213,-0.6034875843929203,-0.5437239878830779,-0.983979462725745,-0.7876902970431758,-0.7985596614671882,-0.7689566937060609,-1.047270568710164,-0.5521082781666143,-0.3118012166200781,-0.602481572227287,-0.4705523040935447,-0.2886713407657382,-0.7510513905986481,-0.601260048812045,-0.9674406816106064,-1.1602103957145649,-0.7330147383311717,-0.5113260722162087,-0.901702419780954,-0.5844342697427041,-0.5116987312245109,0.2205561656610689,-0.6155608762046448,-0.5794855904776495,-0.6980819822809804,-0.7130460448711473,-0.6276294198764741
319,-0.3372077091060419,-0.7259631484773701,-0.3620220453177029,-0.4189053247675885,0.172912012570556,-0.3028632927034079,-0.7010609964395201,-0.6453434064373728,-0.2797302783565817,-0.1130694948087733,-0.9361282243007036,-0.5658093622376436,-0.9249940150818587,-0.6375452802586975,-1.3847157791149711,-0.7057808636584961,-0.5226779044453952,-0.7280192152222942,-0.2230627781554804,-0.6895158339901251,-0.4989011204162324,-0.4327123003961087,-0.5233733009782776,-0.5268167805401934,-0.6649288395523005,-0.3719193647715201,-0.4374788940696617,-0.467855829815446,0.6410363268662369,-0.3106509439798318
320,-0.5076162267982429,-1.0098653379054645,-0.5634421244849889,-0.5284032753927853,-0.6789383275913105,-1.1111438895718742,-0.8500885034200119,-0.7320111870602987,-0.8784849956499744,-0.8105306911054112,-0.078940844537111,-0.5607291993252922,-0.1307174002542911,-0.2241331561291561,0.2203492971172541,-0.9494033660438328,-0.6241383946403103,-0.2426878958226801,1.1088007610111767,-0.8937715587219965,-0.6397172408159674,-1.4374584936615589,-0.6895782793712043,-0.6108450081320099,-1.2084938922575372,-1.1884683049165825,-1.0697445197321185,-1.0152520058165015,-0.9751265039170924,-1.3413851488185635
321,-0.905236101413379,-0.162812903874102,-0.8888447063707885,-0.8102538444046553,0.2874883741127953,-0.5636356493953211,-0.4941550726789051,-0.5055400222182483,-1.1888151844910613,0.4752361890593257,-0.0922949216113227,0.9546108236732136,0.075215333786387,-0.320280627254547,0.826040521107691,-0.2312786738783846,-0.3976759279634245,-0.0399258138542586,0.0299912942861842,-0.4137706056020987,-0.8012416142156632,-0.0158321942762461,-0.7297891612404607,-0.7175503096973503,0.1723366851791532,-0.5716672357636903,-0.6284203304560778,-0.5441410827157322,-1.0511621926526449,-0.367175077793569
322,0.5716377185856977,-1.0308089420436026,0.507914983723826,0.4127102794611783,-0.1003632845239771,-0.3663507487294186,-0.4243494333519014,-0.0938680642593504,-0.2797302783565817,-0.5737908135006584,-0.6008326134373869,-1.0516906579261012,-0.5628791233733105,-0.4071873803312734,-1.0277013042147194,-0.7275777840370878,-0.4503955944372529,-0.4945995064602473,-0.6710532413297199,-0.8222820550658414,0.2983666200822673,-0.9928949429946744,0.2573135240537316,0.1183371844430009,-0.5158868089718324,-0.5220483378739156,-0.1976027177048172,-0.0259799736944269,-0.198591810447625,-0.766168963537594
323,-0.362768986759872,0.4841117572817189,-0.3846766554489932,-0.3992810167334624,-1.4838194760650536,-0.4014109856393053,-0.3457553142535124,-0.7802459340141294,-0.8456265050667999,-0.2349834437549335,0.3397275177895281,1.0543997380229713,-0.1554689307880264,0.0198658037748681,-0.3433402239437413,1.0798899212030542,0.6583752526601196,0.2617841641147528,0.7443544652937548,1.4888336451410733,-0.3870765542164427,0.2170344275016464,-0.465588774440235,-0.4127282455881245,-1.6810448009803156,-0.3859144385353028,-0.4240458281932304,-0.8922210989433854,-0.667748187752095,-0.1349828026175323
324,1.097063981469984,0.3188899913030738,1.0639826869463946,0.9579247504962488,0.5152177883582394,0.4938569017245011,0.3929791853869362,1.0142414165623446,0.6585621749629423,-0.2987756263430405,0.1751475408749182,-0.6233240637810495,0.0965016500453995,0.2084204553869048,0.0633429314048183,0.1252965876996026,-0.225590978907343,0.4872555992636378,-0.7751807543918403,-0.1735810033711018,0.9962347461809532,-0.0435156388232679,0.9185591370148378,0.8234359728755875,0.6939837922107915,0.7585009115121941,0.2778318638503042,1.260667505362296,0.2576223219656873,0.0600808748573241
325,-0.5274972205289998,-0.3187264013469074,-0.5584993004563442,-0.5369355832337097,-0.6768033643327593,-0.7406424670917214,-0.7117327218762024,-0.5775052329140706,0.5636376466115511,-0.9678847414894088,-0.2561530565219211,1.0235558917694094,-0.3896184096371629,-0.3200606101581502,-0.3843418863272436,-0.1329130844775606,-0.3747975821351593,-0.1696935463140485,0.6341730270536043,-0.577931688071788,-0.4492013132163259,0.5215523175188895,-0.5439255294892309,-0.4753099381042053,-0.3668447783913642,-0.4756101385668186,-0.6452116628016169,-0.2936635557277665,0.8966456634666031,-0.8304513117963541
326,-0.7859501390288381,-0.4001737507730002,-0.8023452858695003,-0.7254995865181394,-0.5536871497563152,-0.970523912344113,-0.7654679981926729,-0.7201459551893028,-0.7689566937060609,-0.519921859315145,-0.7708264053820827,0.613514170986768,-0.7460404493229521,-0.586941348087439,-0.5500152701044848,-0.8680281966304236,-0.6718845076732114,-0.960952294987617,-0.863568061991082,-0.8079085040661911,-0.6666379697159165,1.7331101259297408,-0.6609838744864,-0.6315883781232954,0.5668597073039222,-0.5856623095274728,-0.4369991417169319,-0.4206533779210573,0.1168754087743465,-0.3599710215231905
327,-0.8768346817980122,-0.572376718131025,-0.8670139002442727,-0.8011527160410027,0.8069961003602156,-0.4984425602223427,-0.7324484241944679,-0.6221288223419462,-0.3564000897173207,0.0853950732431152,-0.7524194342797907,0.3087043962456894,-0.7544559697044221,-0.5895815532442004,-0.6276850858390867,-0.901114803974337,-0.7073625222184922,-0.6996325237467151,-0.4071021035676003,-0.604031030676416,-0.7991707889156672,0.1242134663733957,-0.8140830839737908,-0.7193082224084762,0.1986382199874706,-0.6747218698424532,-0.7939348921478203,-0.6135743667926393,0.1573199240592146,-0.2846055097715413
328,-1.3434700060784892,0.556250838201972,-1.3271084369106498,-1.0980770289051724,-1.1863479287069414,-0.8302829647045665,-0.645944673301832,-1.1295480427033144,-1.9628151848947155,0.6297550313282954,-1.0342987368462608,-0.0632361026943174,-0.837621112297773,-0.7378290727963478,-0.5086802608723361,0.0705248390559618,0.1809141223311076,-1.0816362861752216,-0.1249891902713904,0.2980984202226827,-1.3054875747647143,0.3766213431256559,-1.210830451750455,-1.0188565483843244,-1.0419175051381906,-0.4170852846455458,-0.4096532576113397,-1.3546528615345417,-0.8489396162283039,0.4496540716323935
329,0.2450213930089787,0.6563147246397427,0.2290573281077678,0.1103821716310897,-0.7977846156506512,-0.0348893738354099,-0.2537273760760059,-0.2620448290395517,0.483316891852681,-0.519921859315145,-0.312456732834814,0.2161728574850049,-0.2752663385713055,-0.2602159599382272,-0.8640280015293563,0.1454168218952257,0.0406599152969601,0.0265801490313837,-0.1794745168736626,0.0832516579121217,0.1016382165826377,0.9563452406985904,0.0875342450502042,-0.0237021626159693,-1.0813698073506672,0.5104064220633205,0.1881181738898524,0.2465761195022043,0.4242537249393444,0.4745911894913946
330,-0.6354226150673935,0.4375704147525233,-0.6417035049385358,-0.6288000976543293,0.0974766441017521,-0.4385558852843744,-0.7940933323051851,-0.6997687091499839,0.7571376467124645,0.0145148703674405,-0.4709010527153265,-0.0251348808516824,-0.4633779706276943,-0.4577913125025317,0.9513789361987224,0.2823461935043274,-0.5170412105456776,-0.4087905933712112,0.2467218156596675,-0.5760404313613076,-0.6666379697159165,0.2496031857922606,-0.6603881577179662,-0.6287757177854939,0.4485028006664913,-0.2262433696848737,-0.7473989139330405,-0.4868890765470544,0.2818890311366082,-0.5783093423331154
331,-1.3411978925092602,0.5609049724548915,-1.3332869669464562,-1.091251182632433,0.5721501419196012,-0.810194396529172,-0.8578725855032389,-0.9375892262164652,0.7790433071012478,0.4553897322541366,0.0903311054035733,3.013891147072763,-0.052997594378362,-0.3337016701347503,2.566444417890339,-0.488370555266902,-0.6042441808766013,-0.5064408120472031,1.1983988536460242,0.3007461796173551,-1.1222195357150593,0.905863665348138,-1.147684474296511,-0.9161944460545736,0.8868617141384569,-0.8585662479212338,-1.0112147326990963,-1.1710200970679845,-0.0465204329765206,-0.0501966018969268
332,-0.4053711161829224,-1.656789999061285,-0.4567595058667336,-0.4547410176994712,-0.6056379223810578,-0.8793672963784078,-0.8185755259540444,-0.6422481285579825,-0.8346736748724087,-0.0067491904952614,-0.6491960277061539,-1.0362687347993202,-0.6628753067296014,-0.5053150053242353,-0.3033386021061779,-0.7180765623335992,-0.7566007012836715,-0.5782996938968116,-0.4131560287456308,0.2341739434084489,-0.5423884517161504,-1.4260594282598438,-0.5701370673003017,-0.5514275584959556,-0.0424591824221104,-0.5952044052755064,-0.8555830694735854,-0.4928274495273162,-0.2034451522818086,0.592626880690669
333,-0.8427529782595717,0.4934200257875578,-0.8657781942371114,-0.7809595874841482,0.3871199928451772,-0.8444965742626287,-1.0024430777425275,-0.9842763342306008,-0.7178434861322343,-0.1924553220295285,-0.4283123744786513,0.836678470350772,-0.4445668074220554,-0.4696722357079577,-0.0443281007079559,-0.8962524140437282,-0.826329920525471,-0.9143981209676671,0.7746240911839061,-0.6562297158856718,-0.8095249154156479,0.5280660691770128,-0.8340395957163108,-0.7428642527375628,-0.1827340347331384,-0.9126381238267576,-1.1339833597626237,-1.0894055350828478,0.1217287506085301,-0.7046574061520569
334,0.159817134162878,-1.2355908491720635,0.2574785662724768,0.0034439133581702,0.4796350673823887,1.5020756063763752,0.705597965826215,0.3632013025972705,1.001750854387205,1.5965609985524971,0.5089994677302124,0.5336830395069616,0.9548847289553418,0.2004998399166209,0.978380030939078,1.5068860024657222,0.69252698628782,0.6494652648383753,0.7249819047240583,0.6237728257673887,0.0395134575827545,-1.1948212443964827,0.2036990148947226,-0.1254853085901571,-0.0512263606915487,0.6948869398586367,0.2384921709264698,-0.057955828203529,-0.1193205604892832,0.450762387981682
335,-0.714946589990421,-0.7608691553742674,-0.6800103911605352,-0.7016091245635511,0.8852780865070865,0.236116781738308,-0.2238465448532955,-0.1018641987811083,0.2715621747611153,0.0570429920928465,-0.5759290642989919,-0.8762436030602541,-0.5935710212351423,-0.5378775355909581,-0.3856752737218289,-0.3033761797460342,-0.1851394109211351,0.2017665878520999,-0.2497000489388137,-0.6857333205691645,-0.7515418070157567,-0.9782390017638974,-0.754511407130448,-0.7117491977506349,0.4002833201845743,-0.2370577448659785,-0.2014407365266548,-0.0625238074191149,-0.1840317849450723,-0.5361933210601351
336,-0.1327174878754004,-0.0371512790452737,-0.1033475878186123,-0.2263595778240609,-0.4120679202724299,0.196318674975734,0.0975607153573687,-0.0206131544471153,0.1328263256321585,-0.14000397190153,-0.6524443167242054,-0.5839528012103268,-0.5257518275727074,-0.461531603141277,-1.0203676735444993,0.1459757172895485,0.1590304871910278,0.1531036881796788,-0.5729796534456294,0.0609348287284543,-0.233835482016731,-0.0288596975924915,-0.1745811330605045,-0.3019797447871947,-0.774518567920292,0.3971735525199881,0.4500629584802624,0.3973194336165421,-0.2535963512350458,0.2462780215378692
337,-1.2454851084054734,-0.0394783461717331,-1.2373138003902648,-1.0386352842800657,0.792763011969875,-0.3981892341394778,-1.0027067321356695,-0.7544519516858776,2.6519772703421656,1.0621242688699115,1.0514637337448145,0.9618681992622868,0.861818974148497,0.070029701753333,2.009755180650917,-0.3704436270647778,-0.8578622493409496,-0.207001769396238,1.2662028156399634,0.1626844397522936,-1.0476698249151992,-0.4082857316781476,-1.0565398087261966,-0.8783993227653675,0.3257623048943411,-0.7574200329920778,-1.205802286966258,-1.0463142644824863,0.4776404851153698,-0.2136732634170486
338,-1.035882631644066,-1.002884136526085,-1.008296287063044,-0.9137791795412048,0.1280777841409837,-0.0576311491283092,-0.3195154246503761,-0.6897090560419658,0.4139489672882032,0.9005174063133735,-0.2799738426542988,-0.1630250170440752,-0.1495285634599299,-0.4305091925493316,0.1076780622747843,0.7372870444831388,0.6875534328468929,0.1368827216222051,0.1292756672058806,0.391526501720409,-0.8571538973155579,-0.668835798003062,-0.7700000431097174,-0.7738035164533782,0.0145274763292461,0.288393660992405,0.1041615121621568,-0.3274666019231029,0.1929110975098982,0.6934836684759644
339,-0.9449980888748922,0.6260628519957657,-0.9547490267527222,-0.8389792808024343,-0.5942514516687851,-0.8890325508778899,-0.6611361883352268,-0.8996720721939351,0.7461848165180734,-0.4291951996342823,-0.3517971220534379,0.7332608682064776,-0.309918481318535,-0.4430501670439478,-0.1659997004638774,-0.2234541383578646,-0.065774128338882,-0.2183564459864697,-0.2545431890812377,-0.4179313703651552,-0.7266919034158037,1.0361386985105951,-0.7020883315083064,-0.6874900023370979,-0.0906786629040261,-0.5385879705038404,-0.381347868800288,-0.6053520042045846,0.1039331638831883,-0.4059661500186829
340,-0.8512734041441816,-0.6212451277866798,-0.8855494903516918,-0.778684305393235,-1.0568268243548449,-1.250816292829098,-0.9429952895746568,-0.9084420261855404,-1.0975415995378002,-0.1867849057994748,-0.9516478273869502,-0.4531386062172806,-0.9395974180967628,-0.6739801114220035,-0.3860086205704753,-1.0739252598989666,-0.7458909828742083,-0.9095318310004252,-0.0547636582062393,-0.5363240404412214,-0.9503410358153828,-0.8772758510629937,-0.980288062366718,-0.8077312317781074,-1.2873984966824914,-1.2218656400347,-1.086104074960201,-1.129299220232299,-0.8376151519485407,-0.7268237331378359
341,-0.3996908322598486,-0.376903079508402,-0.4526404858428624,-0.4368231712335298,-1.238298701331683,-1.1204301144831414,-0.9388521491110038,-0.7885000083591699,-1.2873906562405837,-1.043017756537623,-0.3961904053001418,-0.6046363216391857,-0.3747674913169217,-0.376164969739328,0.0986776973613325,-0.767818252428334,-0.87901642997636,-1.0013425017157265,-0.1383078256630568,-0.989090896930203,-0.5071844216162167,-0.7681705107894355,-0.547797688484048,-0.5164450955445509,-1.120822109563144,-1.0064687320157548,-1.1394045613484691,-1.1950781209367372,-1.1902913252325908,-1.3131230819116952
342,0.2194601153551486,0.7540515439510542,0.4172965431986666,0.0856384788924088,0.2213045130977129,2.2392881554545307,2.31640075821013,1.2430340398139377,0.8374584014713345,0.8764181373356437,-0.5492209101505685,-0.6204211135454202,0.296989047368656,-0.3552633455816343,-0.0253273303351134,2.048455639564577,1.57052495372617,1.710316477697157,-0.6722640263653259,0.7523782820800484,0.0167343792827975,0.3082269507153662,0.5402789890596106,-0.0841743598786991,0.4178176767234535,2.8927496604890437,3.0210558167586647,2.0235200343651583,-0.0562271166448887,1.748600832999053
343,-0.4905753750290226,-0.3745760123819427,-0.4324572877258952,-0.5321006087905192,0.6433155838713017,0.5165986770174006,-0.1429925309565503,-0.5398460187148231,-0.0022585800986671,1.165609365068396,-0.8246036346809354,0.441151500746277,-0.3277395833028244,-0.5479983220252098,0.9863803553065904,0.4175988789304604,0.5542622006300435,-0.02046065398529,0.1607560781316379,0.8359718286832771,-0.7018419998158502,-0.4506251174559464,-0.5257561680520113,-0.6412568980344876,0.5537089398997623,0.0549303850238498,-0.1529857489009561,-0.6228625911976642,-0.5577391061772538,0.5344402723529991
344,1.7190550710465182,0.0582584731395774,1.7230258907657356,1.6925564555998414,1.2055225752897432,0.8444592708233671,1.563102492091386,1.9856427910443055,-0.3198906557360162,-0.3214572912632564,0.1007978144617391,-0.3916323480998845,0.07026502767964,0.2673850372212407,0.6820346824924632,0.0934395502231993,0.7813878077657195,1.184757161235008,0.4804033275316356,0.079469144491161,1.1929631496805837,-0.0988825279173122,1.1538672605460425,1.0519646253219506,1.4961806038644885,0.2540421162994843,1.2406948357787897,1.5636767933295008,0.2123244648466355,-0.1770988238905125
345,0.2080995475090016,-0.5467789797399666,0.1203151994775766,0.0535001193582602,-0.5067179580681926,-0.6367883599208142,-0.6947835108885307,-0.5197267124987868,-0.8711831088537133,-0.8176187113929789,-0.3694822511517182,-0.9952645627210562,-0.6207977048222512,-0.3612038071843472,-0.4283436703485632,-0.4934006138158078,-0.5730765793134576,-0.5701892106180748,-0.6093032045138111,-0.6153785709392977,0.0084510780828125,-0.8365649031997258,-0.1477738784810005,-0.1812111415328473,-0.4632837393551963,-0.6314643691180342,-0.720532782180178,-0.5313507409120913,-0.6078903051304901,-0.8686882258468229
346,-0.0418329451062263,0.0768750101512562,-0.0349718554223553,-0.1575322945739372,0.6860148490423228,0.1697866038006847,0.2988169021220933,0.405245493792321,-0.5206925426331908,0.3745863009758675,-0.6654374727964114,-0.4781765519995833,-0.6257480109289982,-0.4727524750575125,-0.5756829774502544,-0.4229797941311271,-0.3330197332313708,-0.3615875806889624,-1.0064406961925962,-0.3589241609981702,0.1596213249825281,0.8342123971087869,0.1977418472103887,-0.0198347546514925,1.268233968859066,0.6522655788507533,0.6462816707467051,1.0368365237985822,0.4501382147216598,1.1944426583545733
347,-0.0787547906062035,0.0722208758983367,-0.1354759440048046,-0.1771566026080633,-0.677515018752276,-0.7777873667367905,-0.9463851317721912,-0.670363569295777,-0.9369000900200612,-0.8601468331183829,-0.2283621393674805,0.836678470350772,-0.2648706957471367,-0.2355740451417884,-0.4016759224568543,-0.8119709885798403,-0.8647920671353081,-0.7716536152618986,-0.0487097330282088,-0.5556148588881205,-0.132365042316922,0.3798782189547178,-0.1894740522713403,-0.2311358625288219,-0.9016426528271618,-0.8916455131810839,-1.0778043592579771,-0.8482162324999069,-0.6273036724672264,-0.8221389391766862
348,-0.0304723772600798,-0.8446435719268196,-0.0979928617875798,-0.1376235762784468,-1.1884828919654926,-0.9197339475233042,-0.8528505970624473,-0.5777631727373532,-0.8127680144836255,-0.983478386122057,-0.6892582589287891,-1.0195767709444516,-0.6237678884862994,-0.4639517912016415,-0.7346894242545684,-0.9076538800879148,-0.7520250321180185,-0.1680714496583009,-1.069401518044111,-0.6395866568334454,-0.2814644639166415,-1.0368627666870036,-0.3196381661740447,-0.3369622077385995,-1.2698641401436122,-0.9705268380314948,-1.005505679701613,-0.4940455773181391,-1.2372069629630378,-0.9335247322802264
349,-0.8967156755287685,-0.4862752344520126,-0.8336498380509185,-0.8059876904841932,-0.5131228478438463,0.1318836449791857,0.0724507731534105,-0.3298830025628538,-1.1778623542966702,0.510676290497163,-0.5333403860623166,0.2887466133757376,-0.0297311556766507,-0.4881536718052868,0.5080276274990632,1.1681953935060665,1.0744958905510296,0.9544194361188814,-0.651680680760023,0.4467511976664335,-0.8095249154156479,0.1942362966982163,-0.5099696736885254,-0.7105186588528468,0.2950771809513033,0.979241393150038,0.986905841184784,0.6226730749187849,-0.5836235959595693,0.6303096365664936
350,0.8925737602393428,1.4265739434979328,0.8415556056573675,0.7790306960982,-0.9287290288417824,0.1243030532148859,0.3967456767175299,0.2177232422659307,-1.2581831090555402,-1.237229512416972,0.3783460650041405,0.8384928142480406,0.2063984456151845,0.3969751069989415,0.3560214645163229,0.9837599133795216,0.5811193892110503,0.9122449230694496,-0.5572394479827509,-0.0211457125063903,0.8512769751812264,1.5930644652800996,0.7606941933799796,0.709171646652406,0.4923386920136878,1.0046869818114612,1.1102021958363144,0.9028424668080596,-0.6483348204153583,-0.2496935447689396
351,-0.0986357843369604,-0.8143916992828426,-0.1482449060788044,-0.1962120901194612,-0.5828649809565133,-0.7042556266230823,-0.9824178988348712,-1.005504781686752,-1.4845415997396272,-0.6120661230535227,-0.1763895150786562,-1.3309181837156965,-0.3123936343719087,-0.2419545409372949,-0.2030012006636234,-0.7778783695261455,-0.8008321698849843,-0.9958273730861856,-1.001597556050172,-0.4655910394692586,-0.2069147531167819,-1.3316100292170627,-0.2788315675363547,-0.3058471527516714,-1.1032877530242655,-0.936175293338574,-1.1371017500553666,-1.2407579130925972,-1.6853321923193765,-0.8781089148157792
352,-1.010321353990236,-0.2256437162885162,-1.035893721222979,-0.8930172304616223,-1.0632317141304972,-1.1318010021295912,-0.8646522698983075,-0.9752484404157126,2.045920666252511,-0.7254744476546012,-0.8061966635786436,2.404271597590605,-0.7866329593982782,-0.598822271292865,1.22639008633197,-0.6800716755196444,-0.3966812172752391,-0.1112980667071429,-0.4083128886032063,0.2636775480919414,-1.1035821080150945,-0.3854876008747181,-1.1292172544750754,-0.904064848347805,-1.5092081068993055,-1.201318327190601,-1.1146013647123445,-1.4067278245922217,-0.3263964787478085,-0.9191166197394702
353,1.108424549316131,-0.5677225838781046,1.051625626874782,0.9530897760530582,-0.4903499064193017,0.3574062499671049,0.2536190061549685,0.3513360707262747,-0.3344944293285384,-0.7084631989644401,-0.3846409332359587,-1.1362390835388052,-0.4678332461237667,-0.1004835479541681,-0.974699155279948,-0.5520846302197087,-0.0710792520092044,-0.3314165828920615,-0.9192641736289604,-0.5140072112575541,0.8512769751812264,-0.59555609184918,0.7755871125908153,0.7232349483414129,-0.2660222282928123,0.0784675545356659,0.7523069406999663,0.5922198801482116,-0.0950538513183623,-0.0939750976938406
354,-0.6070211954520268,1.3032393857955638,-0.5914514606473111,-0.6074693280520183,0.4725185231872183,-0.2304686413543447,-0.4317568663020691,-0.1593847793731098,0.0305999104845062,0.8083731425749968,-0.5156552569640364,-0.0233205369544142,-0.4955549603215503,-0.4608715518520866,0.4263576495807047,-0.2921982718595768,-0.2836157690514939,0.7873434805769021,0.0481530698202751,-0.0457320497426341,-0.6811337468158892,0.7625611288694353,-0.6785575191551858,-0.6445969321856267,-0.0556099498262691,-0.4584343662203581,-0.5339091169683291,0.0851741872181656,-0.4881745398872802,-0.0795669851530843
355,1.028900574393104,2.033938463503937,1.04338758682704,0.92919931409847,0.2568872340735637,0.5128083811352506,1.0169612491552964,0.8772753703993279,-0.3600510331154507,-0.5156690471426052,-0.0558419004087447,-0.2537422119074916,0.0034358952385546,0.0794904368983943,-0.7756910866380706,-0.2977872258028054,0.168314453614092,-0.1129201633628902,-0.9894897056941112,-0.468617050206027,1.0894218846807786,2.094623342955559,1.1359957574930395,0.978132291454664,0.3389130722984999,0.7756766838586544,1.76410465260688,1.2545768664081816,0.1152576281629519,0.3770593507539664
356,0.1910586957397818,-0.3792301466348622,0.1610934977138981,0.0566286322332656,-0.3252460810913543,-0.2926294938216029,-0.604011069821222,-0.6788755834641,0.2971187785480286,-0.5581971688680092,-0.6668811568044343,-1.079087250774853,-0.6851516842099632,-0.4529509363818027,-0.7483566450490693,-0.7694949386113027,-0.4746002211830988,-0.7946873877735112,0.2418786755172435,-0.6898940853322211,0.0333009816827659,-0.4783085620029688,-0.0405448601629829,-0.089799680554302,-0.4282150262774393,-0.4209021229447593,-0.3175408058872395,-0.4800371077236753,1.1312238521188382,-0.6148837818596514
357,1.9803481315078937,0.2863110515326367,1.9001437517921824,2.0736662058277986,0.0341394007647377,0.2493828173258325,0.8587686132703599,1.7173853748304873,-0.9405510334181912,-0.877158081808545,0.9352471710989716,0.2615314549167128,0.8296419844546409,0.914235300627761,-0.5246809096073615,-0.2642535021434335,-0.0014495038362233,0.4645462460831744,-1.2413329931001702,-0.6013832712817435,1.9488143841791608,1.0410240122541874,1.815112873507149,2.006511227463298,0.1942546308527515,0.3551883312286403,0.8045999471475025,1.7266013853520683,-1.0236599222589342,-0.5373016374094244
358,-0.6411028989904674,0.5236718984315348,-0.623579816833504,-0.633919482358884,-2.1513513215720126,0.0390213958665131,-0.0129230303400471,-0.6463751657305028,-1.6889944300349329,0.4709833768867849,-0.5383932800903968,0.6116998270894999,-0.4510022053608266,-0.4421700986583607,-0.0623288305348594,1.964621330416148,1.1517517540000988,0.605668655133196,0.3629571790778484,1.9404657476037668,-0.7204794275158155,0.4075616635017396,-0.7074497824242071,-0.65637494735017,-1.6569350607393578,0.5447579667562412,0.2380124185737399,-0.4127355472807084,-0.9638020396373294,0.8630560699171747
359,1.551486695315854,1.3288371241866213,1.4717656693096115,1.5247544013949943,0.486751611577559,-0.1067154808021503,0.9629748734167864,1.0758890343268663,-0.542598203021973,-1.2599111773371878,0.2245937181497022,0.2869322694784695,0.0247222114975669,0.3485713457916509,1.6197393677346756,-0.3458522297145717,0.5695144311822203,0.5180754357228378,-0.5003325513092663,-0.7519273054359746,1.0707844569808136,0.8602674037412783,0.9691950623316796,0.9500056880766502,0.8956288924078952,-0.4438031527400399,0.6021444542955737,0.4871563581897337,-0.983215406974066,-1.2765486423851595
360,-0.6041810534904902,2.0804798060331327,-0.6260512288478266,-0.6040564049156485,-0.8532936603729785,-0.7550455914438909,-0.605768765775499,-0.760126627798093,-0.7178434861322343,-0.2491594843300689,-0.7722700893901056,0.8856657555770171,-0.6683206434470231,-0.5825410061595035,0.0976776568153936,0.0230187305385184,-0.0823526398086394,-0.4266336565844322,-0.374410907606237,0.1918097930936904,-0.6583546685159323,1.987146440596533,-0.6609838744864,-0.6273693876165931,-0.5071196307023929,-0.4368056158581487,-0.4369991417169319,-0.6615381485562923,-0.7340771928192786,-0.1111540011078197
361,0.114374862778291,-1.2355908491720635,0.0778892932317065,-0.0304009077441631,0.9635600726539584,-0.2259202862957648,-0.2492075864792934,0.4134995681373613,-0.5900604671976687,-0.225060215352339,-0.3579327790875352,-0.8991043361658348,-0.3579364505539817,-0.3220407640257212,-0.3026719084088852,-0.7247833070654736,-0.5220147639866047,-0.0707456503134585,0.1849717788437588,-0.0877179487152965,-0.0971610122169882,-1.4244309903453134,-0.1239452077436634,-0.2297295323599213,0.102199259023638,-0.6772664287085955,-0.6471306722125356,-0.117339558006147,-0.4768500756075174,-0.3239507401712995
362,-0.4280922518752159,-0.4979105700843116,-0.4674689579287975,-0.4607136331881183,-0.7493921151234942,-0.948350681433536,-0.7424924010760512,-0.6757803055847098,-0.0460699008762327,-0.6432534123188192,-0.8516727098313647,-0.9968974722285976,-0.866332887716906,-0.5944219293649294,-1.0510355836199643,-0.9467206681510828,-0.6410484763394626,-0.7961472747636839,-0.5402884574842661,-0.8158517822502084,-0.3995015060164194,-0.574386398960281,-0.4658866328244515,-0.4343505719349726,-0.432598615412159,-0.6524569797637081,-0.4005379629094756,-0.2450907100687021,0.5973562503585798,-0.5899466640006495
363,-0.7092663060673473,2.3271489214378698,-0.704312609301373,-0.6819848165294249,-0.1985715944173255,-0.3525161687595716,-0.2159369130590488,-0.7415549605217517,-0.0460699008762327,-0.161268032764232,-0.3308637039371059,2.19380770550748,-0.3544712362792588,-0.3785851577996926,0.9400451433447464,-0.0725523818906913,0.3599620462044872,-0.4186853829712703,0.509462168386181,-0.63050862462314,-0.6521421926159441,2.1385911666478887,-0.6320916112173782,-0.6201619455009771,0.3608310179720982,-0.3254811654644232,0.0964854745184819,-0.704324887208948,-0.0271070656397842,-0.6509040632115424
364,-0.260523876144551,1.387013802348116,-0.3241270610980913,-0.332729015574252,-0.6013679958639554,-0.9909915101077224,-0.7668490450138905,-0.7284000295343434,-0.7032397125397131,-0.986313594237084,-0.7101916770451211,0.2415736720467615,-0.7683168268033139,-0.5006946462999031,-0.424343508164807,-0.9722621876716376,-0.5568296380730952,-0.867032898619844,-0.8563033517774458,-0.7439840272519573,-0.3974306807164233,1.392766601792821,-0.475715959503603,-0.4354053195616482,-0.1520489107901018,-0.9412644110708585,-0.6389748822161309,-0.8307056455068272,-0.7389305346534627,-0.8903003946579577
365,-0.3201668573368216,1.3590889968305984,-0.3855004594537672,-0.3830696318357059,-0.9016861609001356,-1.0160074629299116,-0.9634598924708828,-0.8073296154587938,-0.5279944294294519,-1.177690142001406,-0.5163770989680477,0.0274810921690988,-0.5985213273418893,-0.421268474500667,-0.3290063094519477,-0.9224087184980384,-0.8691356371403847,-0.885687010160939,-1.0161269764774448,-0.8627549486701196,-0.3995015060164194,1.0100836918781038,-0.4825667023405875,-0.443140135490602,-0.4632837393551963,-0.9221802195747912,-1.091765152722411,-0.843495987310468,-0.9621842590259349,-1.165717007456264
366,-1.2417929238554757,2.073498604653753,-1.247611350449942,-1.035222361143696,-1.1756731124141864,-1.100720575895962,-0.9214007392792528,-0.9927883483989236,-0.695937825743452,-0.4646353010721186,-0.8195507406528553,0.8530075654261872,-0.8034640001612181,-0.6393054170298716,-0.1509990922747912,-0.7141642945733392,-0.5767238518368042,-0.923319652574278,-0.5814551486948719,-0.5775534367296918,-1.159494391114989,1.830816400801584,-1.1685345611916813,-0.9328946168102694,-0.9367113659049188,-0.9120019841102222,-0.960888710897752,-1.004136589725242,-0.937917549855014,-0.6558914867833431
367,0.0774530172783143,1.7919234823521184,0.0115730708473854,-0.0249971127782444,-1.879499333316513,-0.9875802438137874,-0.6784620484559579,-0.8137781110408567,-0.381956693504234,-1.2003718069216207,-0.626818925581799,-0.5545604300745799,-0.5638691845946598,-0.436009619959251,-0.5616824098071075,-0.4855760782952878,-0.4039757623219324,-0.8801718815313978,-0.7751807543918403,-0.7197759413578096,-0.1799940242168324,1.026368071023411,-0.204366971482176,-0.2566255968401471,-1.3443851554338466,-0.6887169436062358,-0.5996351892922964,-0.8980072059497943,-0.8990908151815408,-1.0698476432427686
368,-0.7177867319519576,-0.2163354477826772,-0.745090907537695,-0.6888106628021645,-0.8027661965872703,-0.8678068939378506,-0.6921469669571151,-0.8034605181095559,-1.079286882547148,-0.5964724784208734,-0.8069185055826549,-0.8187289015168483,-0.7737621635207358,-0.6038826645099908,-0.1106641235885818,-0.4732803796201847,-0.3678346073178613,-0.6973615884286688,0.0844766208884564,-0.3884277656816627,-0.7246210781158076,-0.2698685089430373,-0.7321720283141943,-0.677645691154793,0.0802813133500409,-0.4673403222518562,-0.4134912764331772,-0.4830824272007327,0.5002894136748962,-0.294580356915142
369,-0.271884443990698,-0.2489143875531144,-0.3167128250551235,-0.334435477142437,-1.544310101723999,-0.8414643375569087,-0.5048267981155873,-0.5215322912617644,-1.305645373231236,-1.0359297362500566,-0.7322078581674702,-0.9649650196366752,-0.8069292144359411,-0.5158758259512806,-0.3573407915868883,-0.5895306216393404,-0.5389248456857573,-0.5406670514834726,-1.1638427508213829,-0.8029912366189423,-0.2835352892166375,-0.2910382018319364,-0.3622319151170351,-0.339247494263063,-0.1827340347331384,-0.3674663867557711,-0.4058152387895022,-0.153883391730835,-1.07704668243496,-0.8143807247316635
370,-0.2520034502599411,0.1955554336007048,-0.2100302064368676,-0.3185085025060446,-0.962176786559082,0.3403499184974304,0.153179237339136,-0.5310760647232174,-0.7689566937060609,0.215814646534357,-0.4481630295889658,-0.7318218288376953,0.2489710781332094,-0.3636239952447118,-0.7040215141791032,2.296605194643929,1.4899533879831492,0.3055807738199319,-0.6395728304039625,1.6408906846636884,-0.1717107230168482,-0.0288596975924915,0.2305062694742271,-0.2585593008223856,-0.5378047546454306,1.974163909811675,1.8394257719854408,0.3211864466901087,-0.0902005094841787,2.269509517164863
371,-0.2804048698753079,0.3375065283147517,-0.2466894846493184,-0.3355731181878935,-0.6839199085279296,0.0864000943933869,0.247341520603979,-0.3564508043609532,-0.9113434862331478,-0.3682382251612022,-0.3247280469030086,-0.7773618606591304,-0.2742762773499562,-0.2846378576382694,0.0846771297181856,0.3527670131890081,0.4726959241988371,0.1206617550647315,-0.5971953541577505,-0.213675645633284,-0.3042435422165985,-0.0353734492506142,-0.1894740522713403,-0.3366106251963742,0.1197336155625171,0.6401789242365774,0.8549739441841199,0.0531983327090636,-0.546414641897491,-0.1222371646007096
372,-1.2665021589208454,-0.2768391930706312,-1.2731492745979414,-1.0483052331664466,-0.942962117232122,-0.9487297110217509,-0.92918482136248,-1.1130141000309053,-0.4805321652537552,0.1874625653840863,-0.2294449023734975,0.172628603950565,-0.2925924099449203,-0.4258888335249993,1.3130602669800238,-0.7214299346995364,-0.7156517779533709,-1.275314626871458,0.7734133061483001,-0.3086167324993946,-1.060094776715176,-0.1721622340711942,-1.0767941788529334,-0.8796298616631556,0.2819264135471446,-0.8191255854960283,-0.9983573696459408,-1.3643978838611248,0.2527689801315037,-0.2879304588194085
373,0.986298444970054,0.9402169140678364,1.1134109272328452,0.9260708012234642,-0.2469640949444825,1.8204604604769663,1.5668689834219798,1.3227374452082354,-0.4221170708836685,1.544109648424499,1.8902441424061156,0.4502232202326189,1.4528855232940974,1.4204946394367417,-0.091663353215739,2.5022786997547435,1.1278786974836483,1.8352179201897043,-0.4615874301698729,2.8388126850819044,1.0977051858807627,0.5199238796043592,1.082381248334031,0.978132291454664,-0.5115032198371127,1.426447613874546,1.1720902493384435,1.294166019609927,-0.9702731620829084,2.130969973503743
374,-0.7121064480288845,-0.2582226560589534,-0.6421154069409231,-0.6999026629953662,1.5044174314868888,0.8330883831769171,0.1657342084411149,0.1733575926613377,0.5307791560283777,1.3825027858679606,0.0177859840004229,0.9491677919814084,0.0796706092824595,-0.2747370883004144,2.5164423905933853,0.3678571888357254,0.5874192235695582,1.072832491988439,-0.2993422353986619,0.5379097711115836,-0.6024423854160376,-0.0451440767377989,-0.5695413505318683,-0.6196345716876392,2.000293354357248,0.2133291744412075,0.2226603432863899,0.4110233712633003,-0.3894899225922021,0.4851201948096402
375,-1.266786173116999,-0.1860835751387002,-1.2554374884952966,-1.0403417458482505,-0.4910615608388185,-0.7914324319125301,-0.7447522958744074,-0.871298691632858,1.5566942509030317,0.1888801694416012,-0.0995133416514372,0.2415736720467615,-0.1470534104065564,-0.3873858416555635,0.1533465805393357,-0.3123185060551998,-0.1576190818813378,-0.3103293263673457,-0.1140921249509359,0.0446700210183236,-1.0621656020151722,-0.0093184426181228,-1.083644921689918,-0.8708402981075262,-0.3931463131996823,-0.6365534868503188,-0.6931868980745857,-0.7461980300184862,0.4420493116646862,0.0717181965248582
376,-0.5928204856443436,2.0595362018949945,-0.62275601282873,-0.5830100455747017,-0.6291225182251191,-0.8403272487922638,-0.8176966779769058,-0.6486966241400455,0.1547319860209418,-0.8247067316805455,0.7251911479316405,2.587520331214706,0.6103434239257457,0.1017121636344686,0.1586801301176776,-0.5548791071913229,-0.5717502983958769,0.0054928925066679,-0.0087538268532095,0.033322480755442,-0.552742578216131,1.246207189485057,-0.5963486051113728,-0.5501970195981675,-1.239179016200575,-0.9987714414456742,-1.0408154528625182,-0.9004434615314402,-0.8036417591092517,-0.9728699626799846
377,-0.5274972205289998,2.485389486037135,-0.5992775986926657,-0.5389264550632589,-1.3784946219765348,-1.3334447430599656,-1.1148728439607505,-1.2618195840825894,-0.4038623538930163,-0.4532944686120112,0.1455520187104489,4.409121604072105,0.0088812319559763,-0.1145646421235617,0.0993443910586253,-0.9632639718230396,-1.057500684459768,-1.9134474512424744,1.3158450020998116,-0.2492312717903134,-0.5838049577160727,2.0148298851435538,-0.660686016102183,-0.5654908601849625,-1.6722776227108769,-1.2858612955181787,-1.3058306525103982,-1.7450628184932917,-0.7955528560522781,-0.9152375125169588
378,-0.9222769531825988,-0.8539518404326589,-0.8880209023660145,-0.8418233834160758,0.3088380066983053,0.0484971355718878,-0.4726860720945208,-0.8565961217057545,0.1802885898078541,0.7899442898273207,-0.9274661202525666,-1.231673572535119,-0.7747522247420852,-0.6763342943534489,-0.8556943303131974,0.3047020092772418,-0.1433615620173465,-0.8281025788819072,-1.0197593315842628,0.3317627896692318,-0.8964995780154841,-1.0303490150288803,-0.7887651213153702,-0.786636279244597,0.0364454220028443,0.8621916853074925,0.3085360144250044,-0.5321120707813558,-0.5172945908923856,1.3329822020156932
379,-0.3684492706829453,-0.828354102041601,-0.3739672033869287,-0.4208961965971377,-0.4241660454042195,-0.4103181809623575,-0.3822902801602715,-0.4678808080190008,-0.3892585803004941,-0.519921859315145,-0.9213304632184692,-1.323297939347169,-0.8272254694736041,-0.6313848015595878,-0.7226889377032996,-0.4201853171595127,0.0426493366733311,-0.5573746470376707,-0.5487639527335085,-0.5696101585456746,-0.451272138516322,-1.0303490150288803,-0.4182292913497773,-0.4830447540331593,0.0101438871945257,0.0428437304096738,0.3617885255779998,-0.255444796290697,0.1702621689503719,-0.3283840055684552
380,0.0206501780475803,0.2886381186590968,0.0181635028855786,-0.1037787551761134,-0.5017363771315736,0.1224079052738109,-0.4792146570675499,-0.4730396044846511,-1.1157963165284523,-0.3838318697938505,-0.2070678002491427,-0.3607885018463227,-0.057947900485109,-0.2052116858390333,-0.9780326237664114,0.4136866111702003,-0.1221410673360571,0.2763830340164792,-0.5378668874130541,-0.3975057978919682,0.037442632282758,0.2577453753649143,0.1441273380513797,-0.0915575932654279,-0.748217033111974,0.5638421582523084,-0.1006927424534202,0.2937785713965928,-0.5933302796279374,-0.2973511477883648
381,-0.0645540807985198,-0.6212451277866798,-0.1235307859355794,-0.1578167048353013,-1.9983456213758548,-0.9693868235794678,-0.8356502866527359,-0.9164381607072988,0.0050433066975929,-1.0543585889977316,-0.9011188871061488,-1.162365635659469,-0.7297044391706868,-0.5788007155207584,-1.2443767558348535,-0.6890140018288102,-0.7291135292668138,-1.1296503471853436,-0.8938376878812334,-0.6429909189123099,-0.233835482016731,-0.6313817259688556,-0.1805383007448389,-0.2842248264048233,-1.688935261422811,-0.3413846583778126,-0.641853396332509,-0.7976639291807552,-0.3587520909757021,-0.3860164557314809
382,-0.749028293528861,-1.0936397544580168,-0.7405599855114371,-0.710994663188568,0.5863832303099409,-0.4180882875207647,-0.4484549778677012,-0.7539360720393127,-0.1190887688388416,0.4171144227012734,-0.7282377271454072,-0.0922656050506107,-0.6430740823026131,-0.5719801855324583,-0.6946878024170053,-0.242456581764842,0.3205051889064645,-0.609606159352736,-0.2557539741168441,-0.0684271302683976,-0.8012416142156632,-0.6150973468235488,-0.751234964904064,-0.7259882907107544,0.1241172046972362,-0.3388400995116702,-0.0603935448241263,-0.6135743667926393,0.0651064292097147,0.4352459590916372
383,0.6028792801626011,0.0512772717601986,0.7344610850367244,0.4576471007567134,0.4440523464065379,1.610099039017647,1.6924186944417705,1.109679151176876,1.2390621752656836,0.4227848389313272,-0.3265326519130372,-0.4193918097280896,0.1009569255414718,-0.1587880784993137,0.7187028358435632,1.6331963615826894,1.6212551988236277,1.6794966412379568,0.8702761089967845,0.9683597984168976,0.232100210482392,-0.4278269866525163,0.4419857222680944,0.1039223002117689,0.2337069330652277,1.220974485433556,1.523268971536576,0.9576582173950914,0.675009719705526,0.4108629994072796
384,-0.5587387821059032,-0.2931286629558498,-0.5634421244849889,-0.5676518914610377,-0.3907182876869189,-0.4919990572226878,-0.7487698866270407,-0.8679454739301854,-1.2691359392499313,0.0060092460223589,-0.6704903668244915,-0.0487213515161708,-0.5881256845177206,-0.5297369030242773,-0.710021757454738,-0.4928417184214849,-0.594297073994747,-1.0762833672112553,-0.7267493529675981,-0.7326364869890756,-0.6065840360160297,0.3570800881512878,-0.5489891220209151,-0.5857068563629101,-0.5071196307023929,-0.167718515763601,-0.5286318410883025,-0.8786694272704803,-0.8004061978864622,-0.3688375523175026
385,-0.0645540807985198,-0.0115535406542162,-0.1334164339928693,-0.1478623456875562,-1.1706915314775672,-0.9680602200207152,-0.7388514594564771,-0.7278841498877784,-0.8492774484649299,-0.9721375536619496,-0.2655370025740699,-0.5269824028361014,-0.4010041136826812,-0.262416130902195,-1.112371403770895,-0.8192366287060375,-0.5501982334851923,-0.8955817997609978,-1.2013770869251703,-0.5968442551765909,0.0291593310827738,0.1209565905443343,-0.0852236177954901,-0.0880417678431761,-1.1383564661020231,-0.7173432308503367,-0.503204966393629,-0.5040951315924282,-0.8812952284561985,-0.4386614823227068
386,-0.1866801851445972,-1.216974312160385,-0.1914946163294491,-0.3088385536196637,0.7642968351891946,0.2114798585043338,-0.3884422160002412,0.0964915253231474,-0.1190887688388416,0.50925868643965,-0.8892084940399599,-1.1676272329615471,-0.8732633162663519,-0.6049827499919747,-0.8636946546807099,-0.6124453328065779,-0.6151859984466412,-0.4874622811749587,-0.4313178042797216,-0.3812409901818377,-0.2980310663166103,-1.1980781202255442,-0.3669976492645024,-0.3874143025479118,0.3038443592207429,-0.0277677781257747,-0.4192483046659335,0.2876879324424784,0.5277916840686061,0.5161530525897305
387,-0.1213569200292539,-0.3838842808877816,-0.1733709282244168,-0.2383048088013549,0.2234394763562641,-0.4694467967238959,-0.5438727582427422,-0.4467297425098342,-0.2906831085509728,-0.2718411492502848,-0.5849520893491351,-0.4910583936701885,-0.6445591741346371,-0.4333694148024897,-1.2653776072995742,-0.96644967557068,-0.4944944349468076,-0.4157656089909249,-0.931372023985021,-0.8589724352491591,-0.2711103374166608,-0.349661966755042,-0.3419775449902983,-0.3411811982453015,-0.5465719329148696,-0.7612368712912911,-0.4701020540552805,-0.3629445738308208,-0.6192147694102528,-0.7949851886191073
388,0.4551918981626935,-1.8638989733162064,0.4461296833657629,0.2625416614609085,0.5650335977244308,0.4843811620191263,0.3804242142849571,0.3402446583251264,-0.1008340518481894,-0.0294308554154763,-0.8740498119557195,-1.5054580666329094,-0.8529670612286889,-0.5823209890631068,-0.3356732464248749,-0.4067718276957639,0.0486176008024437,-0.1826703195600272,-1.0645583779016867,-0.5820924528348445,0.1534088490825403,-1.8689945410121984,0.1560416734200485,-0.0462034453183805,0.9526155511592506,0.2775792858113004,0.6150977678192753,0.4658391218503322,-0.5561213255658592,-0.1183580573781982
389,-0.4763746652213395,-0.6701135374423356,-0.3756148113964773,-0.5067880955291102,-0.0868418505531541,0.8861525255270163,0.8236146941848186,-0.0118432004555097,0.9871470807946824,1.4817350698939038,-0.0471797963606073,-0.017877505262609,1.0583461265863554,-0.2232530877435689,0.0643429719507575,2.75154604562274,2.6361916710021736,2.500277549046128,1.4260264403399625,2.2059981897551992,-0.5154677228162012,-0.7567714453877205,-0.2812144346100887,-0.5273441543535311,-0.6517780721481419,0.9658824591027912,1.0430368664541576,0.2983465506121792,0.5342628065141852,1.0780694416792331
390,0.1456164243551948,-0.5677225838781046,0.0923058633152543,0.0316005292332208,-0.7081161587915076,-0.7080459225052322,-0.463018744345997,-0.5419095373010833,-1.469937826147106,-1.3109449234076735,-0.6668811568044343,-0.3825606286135427,-0.690597020927385,-0.4478905431646768,-1.1687070211921298,-0.6454201610716269,-0.4606742715485026,-0.9168312659512884,-0.9689063600888084,-0.9743390945884568,0.0395134575827545,-0.0386303250796756,-0.0375662763208159,-0.0871628114876132,-0.7964365135938902,-0.3006717165195359,-0.1366741689081468,-0.5531247751730513,-0.7211349479281209,-0.9966987641896972
391,1.508884565892804,-0.1092903599655268,1.4882417494050948,1.456495938667599,0.8923946307022569,0.7667582052392944,1.7175286366457283,1.8179819059106688,0.0415527406788974,-0.2335658396974196,0.5801009051253397,0.346805618088324,0.3786690981299825,0.6029111092263234,-0.5843499955150598,0.1593892067532973,0.3536622118459793,-0.0058617840835637,-0.4083128886032063,-0.2208624211331091,1.5926324325798311,0.7674464426130276,1.3891753840772472,1.5107798429258028,0.8342586445218207,0.7521395143468383,1.541979313293034,1.3916162428757612,0.5908851279130006,0.3404849112274311
392,-0.6950655962596641,-0.7259631484773701,-0.6787746851533739,-0.666626662415761,1.1699398543138924,-0.2219404756195074,-0.5776456305070659,-0.4539520575617448,0.1510810426228108,0.1718689207514381,-0.1222513647777977,-0.1140377318178306,-0.1544788695666771,-0.2808975669995242,0.6523668129629376,-0.7018685958982361,-0.44376418984935,-0.02046065398529,0.1183786018854262,-0.2201059184489169,-0.6107256866160218,-0.6655789221740007,-0.6163051168538928,-0.581487865856208,0.8868617141384569,-0.6779025684251311,-0.5909996469431621,-0.2505722851274052,-0.1565295145513623,-0.2053608907973808
393,-0.533177504452073,0.7331079398129162,-0.5679730465112468,-0.5357979421882532,-1.0276489931546466,-0.9919390840782598,-0.8996806392728292,-0.9365574669233352,-0.9770604673994956,-0.4306128036917953,-0.654248921734234,-0.1412528902768553,-0.638123776195866,-0.4905738598656514,-0.6483525904551611,-0.7504924952043253,-0.7454930985989341,-1.175231263211845,-0.5402884574842661,-0.5280025109151082,-0.4347055361163531,1.0279965089379417,-0.4325264937921797,-0.4529844466729069,-0.2967073522358502,-0.4698848811179984,-0.7157352586528811,-0.7804578741353811,0.3223335464214763,-0.106166577536019
394,1.102744265393058,0.2956193200384756,1.08869680708962,1.001439520484963,0.2661387415272843,0.4654296826083768,0.3540587749708012,0.7403093242363109,1.1112791563311182,-0.2874347938829331,1.2618806779141514,0.1290843504161252,1.2311118097118283,1.0869487212992297,0.3186866174679307,0.0850561193083563,0.1815772627898979,0.7597678374291966,1.020413453411935,0.0760648824122966,1.0894218846807786,0.0623328256212281,1.076424080649697,0.9587952516322796,-0.0643771280957086,-0.1371838093698935,-0.08534066716607,0.522177532175893,0.5666184187420797,-0.4264700024805284
395,-0.4735345232598024,-1.5032035687149392,-0.5411994163560865,-0.5050816339609252,-1.6112056171585991,-1.2112077008606317,-1.0248160362462546,-0.9654467271309768,-0.7251453729284953,-0.3781614535637957,-0.2799738426542988,0.4883244420752536,-0.3752625219275964,-0.3462426446293665,1.116385626278671,-0.8633893648575438,-0.8447652252798413,-0.6328021415299235,0.9865114724149654,0.3881222396415443,-0.6376464155159713,-1.517251951473564,-0.7154919587980586,-0.6092628866919967,-1.664825521181853,-1.2054532353480822,-1.2255201086634484,-1.3369900085676087,-1.0042465549221975,-0.7573024327432827
396,0.2109396894705382,0.2141719706123836,0.1709791457711885,0.0739776581764787,-0.0348910779284125,-0.395915056610188,-0.2581216159616986,0.0152404809891544,-1.1851642410929313,-0.7538265288048709,-0.6239315575657532,0.7604760266655023,-0.6287181945930465,-0.4069673632348766,-0.5420149457369722,-0.6577158597467299,-0.3436299805720155,0.0054928925066679,-0.1153029099865419,-0.7500360487254943,-0.0536736809170699,0.4564148009376612,-0.1001165370063259,-0.1704878739949794,-0.4720509176246358,-0.7345190031967971,-0.4902516528699273,-0.1965178644096376,-0.8602640805080671,-0.9950362896657644
397,-0.4195718259906055,-0.2605497231854127,-0.3822052434346706,-0.4814755822677009,0.7998795561650454,0.5507113399567496,-0.1083408107150881,0.0469670792529041,-0.622918957780843,0.8140435588050505,-0.6235706365637476,-1.0589480335151744,-0.5792151335255759,-0.4826532443953674,-0.445677706478174,-0.0256051687675706,-0.1834815597741593,-0.2394437025111855,-0.3574599171077521,-0.0877179487152965,-0.3912182048164348,-0.574386398960281,-0.3565726058169172,-0.4339989893927473,0.9175468380814936,0.8265678611815004,0.4126422749673468,0.3973194336165421,0.5326450259027907,1.072527859932788
398,-0.4706943812982658,-0.460677496060955,-0.474471291969378,-0.4971181466427291,-0.5038713403901247,-0.5314181343970468,-0.6617639368903258,-0.6507601427263057,-1.0427774485658434,-0.3313805196658509,-0.9094200701522804,-0.7907880054989159,-0.7985136940544711,-0.6254443399568748,-1.0817034936954295,-0.6577158597467299,-0.6112071556938995,-0.7624076643241385,-0.6274649800479019,-0.852542162433526,-0.4574846144163101,-0.2177584956780544,-0.4301436267184461,-0.4804078849664705,-0.209035569541457,-0.0233148001100259,-0.3328928811745895,-0.1417021138226055,0.2171778066808191,-0.4065203081933272
399,1.239071079546818,-0.4118090864052993,1.2081483877818753,1.1749297799170932,0.3444207276741561,0.5184938249584758,0.7570733473443295,1.1068418131207682,0.0744112312620718,0.5914797217754322,1.3972260536662977,-0.3118012166200781,0.9826064431531254,1.2196190304264856,0.3110196399490643,0.3723283519903085,0.4130132829077107,0.6381105882481436,-0.5293913921638117,0.5522833221112337,1.342062571280303,-0.4555104311995387,1.1657815959147113,1.264672063368181,0.3871325527804156,0.3475546546302136,0.389134409683592,0.787120326679881,-0.632157014301411,0.5820978753724242
