ID,radius1_0,texture1_0,perimeter1_0,area1_0,smoothness1_0,compactness1_0,concavity1_0,concave_points1_0,symmetry1_0,fractal_dimension1_0,radius2_0,texture2_0,perimeter2_0,area2_0,smoothness2_0,compactness2_0,concavity2_0,concave_points2_0,symmetry2_0,fractal_dimension2_0,radius3_0,texture3_0,perimeter3_0,area3_0,smoothness3_0,compactness3_0,concavity3_0,concave_points3_0,symmetry3_0,fractal_dimension3_0
200,1.5401261274697071,2.206141430861961,1.7147878507179932,1.570260043213258,-0.2676020731104758,1.9322741890003887,1.1249340006323163,1.6890119942694104,0.2971187785480286,-0.0677061649683415,1.5787693176751765,-0.0323922564407557,2.1246420619796758,1.453497203896258,-0.228335561160747,1.2391751085850704,0.2233551116936863,0.5505173688377853,-0.1431509658054812,0.5511485680849454,1.8183523902794063,1.7249679363570878,2.124885593092532,1.8377516071952145,-0.1871176238678588,1.7725076196698986,0.7335965989435084,1.21041973399085,-0.1338805859918359,0.917363571032334
201,0.3387460777396894,-0.469985764566794,0.4626057634612466,0.1661265828584623,2.6430645027141124,2.3511018839779525,1.9585840818037263,1.9417930210862773,2.1408451946039038,1.8659057694800607,0.9168401999966798,-0.2864004020583215,0.5915322607201067,0.4207369534097933,1.0363823826035443,1.1402506237899233,0.5947137686162515,1.5367521355321885,-0.2061117876569959,1.840229141948311,0.3025082706822594,-0.4913360653192143,0.3734782938982501,0.0847610516604967,1.9345395173364528,1.2470562138115144,0.8189925177293932,1.648945738687106,0.5779428830218425,1.9480977758710647
202,0.4353109044319366,0.9099650414238596,0.7509371651322081,0.3373415601996792,1.0347255146056598,3.9240746750701616,2.872585978027803,2.290011782517676,2.494986704222556,2.586048630696914,3.2007483006888973,2.244609334630993,3.590922730798157,2.1597520833299075,1.773078918112001,1.9266164436021933,1.6719854439210853,2.991772835737582,0.3423738334725455,0.8499671283408312,0.7415232342814334,0.9710011819293668,1.085359832176198,0.6072127094071055,0.7904227531746242,1.6726336841738132,1.6595186397118076,2.0037254577642853,0.6086807146383424,0.9949457154825612
203,0.3983890589319595,3.320806584436199,0.483200863580601,0.256000225449533,0.7073644816278338,1.1287314619846094,1.0835025959957854,0.9046169916672746,1.0200055713778569,0.5248523310722983,-0.5892831413732038,0.1109409114434419,-0.4767437971159114,-0.3810053458600571,-0.5653492251422174,0.0045751825258638,-0.0995942917371871,-0.2556646690686591,-1.2828629198214578,-0.1648812225028924,0.4598909934819628,3.885905048939344,0.5670862436391146,0.2714513815820643,2.451803035233372,1.9220004530557584,1.4301970151070167,1.3215738949034428,0.988859158316103,2.020138338574847
204,1.755976916546495,1.8082129522373367,1.6859547105508974,1.8006323549182173,0.2590221973321149,0.0845049464523119,0.7922272664298708,1.145532786613146,0.0086942500957239,-1.003324842927246,-0.0269682202482868,-0.333573343387298,-0.1381428594144116,0.2640847807752891,-0.6660199734334182,-0.5420245131218971,-0.3555665088302408,-0.5857613385132496,-0.9350043790918392,-0.7197759413578096,1.6692529686796866,2.195586493656463,1.6393764268192876,1.6936027648828933,0.8693273575995778,0.2559505354490908,0.5114712596296628,0.8388907577898554,0.4048403576026071,-0.2192148451634928
205,0.9152948959316368,0.8773861016534223,0.783889325323175,0.7912603373368584,-0.6931714159816502,-0.7853679585010902,-0.7519086294025354,-0.5300443054300875,-0.9040415994368868,-1.3789899181683212,-0.0161405901881151,0.1817003234369065,-0.1430931655211587,0.0896112233326459,-0.4383440758079539,-0.8058231392422888,-0.6443641786334142,-0.6691371066186645,-0.7788131094986585,-0.8385468627759719,0.7415232342814334,0.9433177373823444,0.6236793366402902,0.5931494077180985,-0.3668447783913642,-0.6721773109763108,-0.7248505533547452,-0.4911525238149345,-0.725988289762305,-1.0415855763359003
206,0.898254044162416,0.6609688588926622,0.9239360061347852,0.8330686457573879,-0.4533438766044166,0.4351073155511777,0.1025827037981602,0.6745346692992691,1.0820716091460738,-1.1564260811387028,1.5506174795187295,0.7550329949736975,1.623671083976871,1.1133507728668428,-0.1079973487994108,1.918791908081673,0.4803220394749255,1.57243826195863,0.8387956980710272,0.7728038545532356,0.8533478004812227,0.2544884995358524,0.912601969330504,0.7285086864747905,-0.8315052266716473,0.2063316375593163,-0.2033597459375735,0.5815612619785108,0.26894678624545,-0.5046063051053997
207,0.421110194624253,0.0210253991162208,0.3307971226973784,0.2949644312564213,-1.278151348824636,-0.9131009297295418,-0.5864341102784513,-0.5274649071972624,-0.9661076372051044,-1.1861957663464864,-0.6329545826158963,-0.3956239046738746,-0.6594100924548784,-0.3994867819573862,-1.4050499368823994,-0.9150871888324086,-0.6228121137227296,-1.0741746415587836,-1.260705553669867,-0.9266794254843532,0.3397831260821892,0.9758864956729592,0.2573135240537316,0.1898842317858239,-1.05068468340763,-0.4679764619683917,-0.2215903353413016,-0.4404479545219299,-0.352280968530124,-0.8675799094975336
208,0.8698526245470498,0.6470064561339038,0.8086034454664001,0.7776086447913791,0.0640288863844525,-0.2727304404403161,0.0227330875895733,0.4217536424824019,0.2021942501966374,-0.9919840104671376,0.0545999262050066,-0.8682604899122736,-0.0232957577378796,0.1118329500687203,-0.8493607401889166,-0.7499335998100024,-0.3784448546585059,-0.3116270036919435,-1.102092714005474,-0.8396816168022601,1.0997760111807584,0.5948320236727715,0.9900451492268496,0.9763743787435382,1.027136566449485,0.015489722598644,0.5599262472553613,1.2758941027475827,0.5099960973432643,-0.4569487020859745
209,1.875262878931036,2.753002205580011,1.8012872712192811,2.17320979730525,-0.1188662994314202,0.1887380832114342,0.6013917056797887,0.9683281280180565,-0.1555982028201461,-0.8587292290608699,2.767643098282029,0.7260034926174043,2.417205152888427,3.5062567132781743,-0.8300266229674275,-0.5979140525541834,-0.346945682865967,-0.4081417547089122,-0.8320876510653247,-0.5658276451247141,3.359046413476507,3.4983368252810343,3.179304273219702,4.485168150150775,0.3389130722984999,0.0644724807718834,0.3454769455851904,0.7810296877257661,-0.0529915554220996,-0.097854204916352
210,-1.0018009281056262,-0.0790384873215498,-0.9345658286357552,-0.8773746660865942,0.0369860184428056,0.196318674975734,-0.3129868396773471,-0.5803425709701784,0.402996137093812,0.299453285927652,0.1635980688107351,-0.0360209442352923,0.2791679453843665,-0.2912383705301726,0.1430128282312986,0.5774429617067995,0.0545858649315564,0.3007144838526899,1.7553599700248086,-0.1803895275288307,-0.9089245298154603,-0.4457398037123541,-0.8632297173695489,-0.8012269547469417,-0.4852016850287945,-0.0175895426612056,-0.3866251446803146,-0.5382027097354705,0.0634886485983202,-0.4475280131170182
211,-0.1525984816061572,0.5934839122253286,-0.1980850483676424,-0.2670302451991339,-1.195599436160662,-0.4122133289034325,-0.6036344206881626,-0.7093124826114371,-0.6448246181696253,-0.5964724784208734,-0.2424380584457035,1.2684923179006335,-0.1361627369717127,-0.2987189518076629,-0.5350146619153986,-0.0792591266225655,-0.0299645435642061,-0.304489778406655,-0.0293371724585124,-0.2972691922365128,-0.3042435422165985,0.7104511156044524,-0.2859801687575561,-0.3851290160234482,-1.396988225050482,-0.516959220141631,-0.6087504839941604,-0.8026887063178998,-0.7356949734306731,-0.7595190654418605
212,-0.9705593665287224,0.2560591788886597,-0.9255039845832392,-0.8816408200070565,0.8425788213360664,0.4654296826083768,-0.0542288852655583,-0.5223061107316119,-0.5243434860313209,0.8253843912651581,-0.3081256808107454,0.4937674737670587,-0.3148687874252822,-0.4311692438385219,0.6203655154928868,1.2503530164715275,1.3758932290712185,0.9171112130366916,0.8157907823945119,1.4430652327474502,-0.9482702105153866,-0.0760843971138821,-0.9159506513759073,-0.8265408977871543,0.0495961894070031,0.0046753474175394,-0.0901381906933669,-0.4355754433586384,-0.478467856218912,0.1698041934369315
213,0.0462114557014104,-0.5747037852574842,-0.0687478196180968,-0.0633924980624043,-2.2822957347631427,-1.4704639391996848,-1.023849303471402,-1.100607194531016,-1.1084944297321924,-1.2811752381998898,-0.9924319006135968,-0.9018258520117376,-1.0010307168814938,-0.6505262889461072,-1.183040935683923,-1.2166112540695937,-0.8974848917536696,-1.3281949778488222,-0.6274649800479019,-0.9130623771688954,-0.2814644639166415,-0.818652086139888,-0.3818905684753382,-0.3445212323964406,-2.047074493729407,-1.2971209685008582,-1.1203583929451006,-1.2375603276416869,-0.7162816060939368,-1.2604780553204695
214,-0.8058311327595951,-1.454335159059284,-0.8130547379315641,-0.7590599973591088,0.1408875636922899,-0.5355874598674119,-0.7049530374811337,-0.5511953709392539,-0.1555982028201461,-0.013837210782828,-0.7751574574061513,-1.2474583644413535,-0.8425714184045201,-0.5977221858108811,-0.189667326717769,-0.796880812933123,-0.6324276503751889,-0.4780541205716241,-0.4385825144933576,-0.3698934499189559,-0.8178082166156321,-1.5465638339351169,-0.8635275757537658,-0.7437432090931257,0.1504187395055549,-0.6588183769290639,-0.6941464027800451,-0.4127355472807084,-0.2713919379603877,-0.2064692071466701
215,2.164957359007778,0.3956832064762464,2.2790935939883044,2.3779851854874363,-0.1672587999585772,1.7389690990107436,1.640943312923656,1.5445656932312004,-0.3308434859304073,-0.1215751191538539,2.749597048181743,0.2452023598412981,2.9706493756227497,2.562383369736007,-0.451344602905162,1.3481597104780287,1.0410072973821198,0.618645428379175,-0.1576803862327537,0.3098242118276604,2.468591534478183,0.4075616635017396,2.640180597787449,2.642875628890863,-0.2265699260803349,1.3882792308824117,1.4800912597909042,1.0581537601379838,-0.109613876820915,0.2568070268561149
216,-1.2454851084054734,-0.8423165048003598,-1.2550255864929096,-1.0380664637573374,-0.4263010086627696,-1.0887811438671895,-0.9763915127059212,-0.8988982527240874,0.9834961373965524,0.0457021596327371,-0.493639075841687,0.3486199619855926,-0.5524834805491416,-0.5268766807711193,2.25309838016276,-0.8276200596208805,-0.7807390139836383,-0.3769974989185627,-0.3102393007191164,0.1763014880677519,-1.1429277887150202,-0.7811980141056816,-1.1667474108863811,-0.9235776794413024,0.6282299551899967,-1.0214180153543406,-1.111866776301785,-0.9595226593863524,-0.0966716319297569,-0.1216830064260645
217,1.080023129700764,1.2078296336107124,0.956888166325752,0.9784022893144672,-0.5558221130148664,-0.6456955552438663,-0.399365040858963,-0.0381530624303265,-0.9989661277882788,-1.091216294493082,0.0578482152230582,0.3921642155200324,-0.0500274107143137,0.1204136168281946,-0.5323478871262276,-0.7706127293999484,-0.5196937723808388,-0.5310966812145631,-0.76912682921381,-0.3948580384972958,0.9631015413810164,1.467674745861234,0.8292016217498234,0.7724565042529372,-0.03807559328739,-0.4686126016849272,-0.3079457588326457,-0.0153213555247262,-0.6418636979697792,-0.2474769120703618
218,-0.794470564913448,-1.1937036408957875,-0.831178426036596,-0.7346007148817921,-0.1829151971879513,-1.2436147306530132,-1.0962036019321075,-1.1758482409825264,0.5198263258339855,-0.6503414326063869,-0.6051636654614556,0.1145695992379785,-0.6440641435239625,-0.5114754840233451,0.4616924155372189,-0.9210673695516636,-1.0081961913487094,-1.3728026358818748,0.3678003192202728,-0.8200125470132651,-0.8426581202155855,-1.0889727799519866,-0.8903348303332699,-0.7428642527375628,-0.2835565848316903,-1.150045466037834,-1.2820589234326425,-1.575895321542757,-0.2309474226755195,-1.1130719808650382
219,1.329955622315992,0.1606494267038084,1.1916723076863922,1.2716292687809032,-0.5074296124877095,-0.8623109649087332,-0.1079641615820288,0.2453228033571601,-0.9551548070107132,-1.8198647800550167,-0.2774473956402589,-0.7055138423273047,-0.2490297162055461,-0.0791418896036808,0.1766808599445808,-0.8013519760877059,-0.1877919727562962,0.4596799561159325,-0.1504156760191173,-0.8014782312505582,0.7643023125813904,-0.2242722473361771,0.6475080073776276,0.6247918365183641,-0.3536940109872055,-0.8795588585669079,-0.2455779529777861,0.2252588831628028,-0.539943519451912,-1.4727206362093053
220,-0.1525984816061572,-0.3373429383585861,-0.2359800325872545,-0.2348918856649854,-1.2012926715167989,-1.209502067713664,-0.8641500710542284,-0.9424900828588328,-0.8711831088537133,-1.0770402539179476,-0.5311748600502824,-0.0922656050506107,-0.585650531464347,-0.3986067135717991,-1.1000375703709795,-1.1292000143974978,-0.7043783901539359,-1.0952618980834996,-0.8599357068842638,-1.0095164694033902,-0.1592857712168715,0.0688465772793514,-0.2487478707304667,-0.2487149896400806,-1.1997267139880985,-1.132615237804759,-0.7972931586169283,-0.9555637440661776,-0.9152686212954876,-1.1812334363463088
221,-0.0787547906062035,-0.9563427939968894,-0.1227069819308054,-0.191945936198999,-0.0854185417141207,-0.5204262763388121,-0.5525356883031077,-0.3046048998811672,1.089373495942335,-0.604978102765955,-0.5676278812528603,-0.5395013757272529,-0.512881031695165,-0.4604315176592931,-0.9353642271396774,-0.562703642711843,-0.5744028602310381,-0.2216006392979643,-0.6371512603327503,-0.8328730926445309,-0.2669686868166687,-0.6411523534560403,-0.2648322234781691,-0.3701867579788783,-0.6079421808009453,-0.5207760584408444,-0.6073112269359714,-0.2234689417815949,0.0877553577692411,-0.821584781002042
222,1.4293605909697764,1.7011678644201875,1.4099803689515489,1.3740169628719965,0.4013530812355169,0.7762339449446691,1.2969371047294294,1.2309108681196594,0.3299772691312031,-0.0847174136585037,0.8334674485333576,-0.3916323480998845,0.7202402194955305,0.6449343746381078,0.1170117740368825,-0.0552266246666824,0.2648013903680798,0.183923524638879,-0.7497542686441132,-0.1319733557405354,1.5429326253799245,1.664715733519451,1.564911830765109,1.482653239547789,2.009060532626687,0.8259317214649649,1.4546643850962306,1.1053562120323723,0.5779428830218425,0.7344913733996553
223,-0.6780247444904439,-1.2262825806662248,-0.73026243545176,-0.6472867646429988,-1.297366018151595,-1.1549218070107057,-0.8330137427213203,-0.5491318523529938,1.0565150053591614,-0.2364010478124475,0.5656640650451107,0.0927974724707586,0.4212417306480075,-0.0551600260964324,0.3310204508678457,-0.6180342867498065,-0.5555033571555147,1.0809429752671764,1.04947229426648,-0.6770335397009551,-0.6127965119160178,-1.2078487477127282,-0.6720046347024181,-0.6097902605053344,-1.2610969618741732,-1.0767621706929356,-0.9827174429469528,-0.4827778952530269,0.3239513270328709,-0.9457162121224056
224,1.4975239980466564,-0.2582226560589534,1.4511705691902574,1.3939256811674867,0.5223343325534098,0.7553873175928444,0.9265654572210468,1.1793229034631558,0.2971187785480286,-0.5496915445229286,0.2372259532199026,-0.4023369770937675,0.0182868135587958,0.2821261826798246,-0.4623450489104919,-0.1949504732473985,-0.043227352740012,0.5180754357228378,-0.5221266819501752,-0.6921635933847974,1.5574284024798972,0.484098245484683,1.34449662644474,1.3138936192797053,0.8517930010606987,0.7674068675436921,0.7647805018709382,1.6839669126732657,1.115046046004891,-0.336696378188123
225,0.6000391382010639,-0.1209256955978259,0.6932708847980156,0.4272152027907498,0.7287141142133439,1.4376405763798266,1.3308355267047731,1.0730516962707586,0.2350527407798109,0.573050869027756,-0.4254250064626054,-0.5434929323012432,-0.1990316245274007,-0.2694566779868919,-0.8260264607836711,0.5215534222745132,0.2263392437582426,0.0476674055560996,-0.8066611653175976,0.1082162464904616,0.4723159452819399,-0.0956256520882508,0.5849577466921178,0.2644197307375608,0.1811038634485927,1.376192576268236,1.1054046723090174,0.8921838486383588,-0.2115340553387822,1.238775312326132
226,-0.351408418913725,-0.8353353034209806,-0.3249508651028653,-0.3933084012448152,-1.2938077460540105,-0.1618642858874316,0.2850064339099162,-0.3874035831548553,-1.385966127990106,-0.4887345700498485,-0.4109881663823764,0.3123330840402261,-0.2569502059763414,-0.3750648842573442,-0.2076680565446725,0.7898232115494878,1.570856523955565,0.9641520160533652,-0.2133764978706319,-0.0374105202165208,-0.4906178192162478,-0.974982125934836,-0.4509937136136158,-0.500975463686643,-1.451344730321006,-0.1435452065352493,0.2984612150176807,-0.1965178644096376,-1.458842906724115,-0.702440773453479
227,-0.6212219052597104,0.342160662567672,-0.5807420085852466,-0.6083225588361107,-0.7337357178941201,-0.0614214450104592,-0.2895090437166461,-0.2839697140185658,-0.8164189578817566,0.6892944017438625,-0.4727056577253551,0.3141474279374942,0.1643208437078344,-0.4054272435600992,-0.107330655102118,1.4577032077653105,0.3970979118967436,0.7354363875929859,-0.2206412080842684,1.5962570262963536,-0.6272922890159907,0.262630689108506,-0.4486108465398821,-0.5879921428873737,-0.9104098310966008,0.1719800928663952,-0.1712163383046844,0.0136091795073184,-0.7049571418141737,0.8791266569818645
228,-0.351408418913725,-1.4357186220476057,-0.4151574036256375,-0.3952992730743644,-1.9079655100971933,-1.2707153462103853,-0.8311304970560235,-0.9597720510187616,-1.7328057508124972,-0.9905664064096248,-0.9094200701522804,-1.3568633014466336,-0.8668279183275807,-0.6085030235343231,-0.7700241902110827,-0.6722471399991243,-0.5097466654989844,-0.9555993760236507,-0.5269698220925997,-0.6482864377016547,-0.548600927616139,-1.6507838604650826,-0.591582870963905,-0.5336726401135843,-1.5872359934973157,-0.8878286748818703,-0.7368443621729874,-0.928003602798809,-0.9573309171917508,-0.8199223064781085
229,0.0802931592398509,0.1024727485423137,0.1672720277497046,-0.0110610099714012,-0.6255642461275344,1.1988519358043828,0.5951142201287992,0.4410991292285907,-0.3564000897173207,1.2931937302446097,1.7177239034473797,1.003598108899458,0.7395464133118443,0.8090671285501022,0.2403501080360357,4.522685550231896,2.244938800315899,2.581382381833496,2.4491397954270764,7.211398199712335,-0.1033734881169768,-0.5776432747893423,-0.1656453815340032,-0.1991418511863312,-1.426358272253104,-0.0449435504722353,-0.2407804294504892,-0.190427225455523,-1.017188799813355,0.2241116945520902
230,0.2365009671243688,-0.0441324804246525,0.2084622279884134,0.092179914903784,-0.4583254575410357,-0.1158121909193102,-0.3691075605031935,-0.0188075756841379,0.246005570974203,-0.6063957068234679,-0.4239813224545825,-0.4877925746551056,-0.34407559345509,-0.3403021830266536,-0.56968273417462,-0.2418976863705191,-0.5482088121088214,0.0119812791296574,-0.6444159705463868,-0.3706499526031481,-0.0039738737171638,0.0835025185101279,0.0547698227863653,-0.1244305609634817,-0.0468427715568295,0.3100224113546146,-0.4403574081860397,0.522177532175893,0.0990798220490047,0.0429019714433457
231,-0.6467831829135405,-0.4257714891640577,-0.676715175141438,-0.631928610529335,-0.8995511976415843,-0.9081735450827472,-0.7773952207395529,-0.6737167869984496,0.2314017973816808,-0.8006074627028167,-0.7152445710732013,0.0383671555527088,-0.8079192756572906,-0.58210097196671,0.1846811843120937,-0.5856183538790805,-0.5893235205538196,-0.5220129399423777,-0.3175040109327528,-0.760627086304184,-0.6645671444159205,0.0118512502707762,-0.6824296781500033,-0.6377410726122359,0.1986382199874706,-0.4991473080786348,-0.6744765563181279,-0.3533518174780903,0.3239513270328709,-0.7689397544108169
232,-0.3996908322598486,-1.2821321917012596,-0.4196883256518954,-0.4629889152790313,0.0220412756329492,-0.386818346493028,-0.95316481616726,-0.7655433640870258,-0.6338717879752342,-0.2548299005601226,-0.8101667946007065,-0.9502688340688016,-0.7554460309257716,-0.5931018267865488,-0.3256728409654842,-0.7644648800623969,-0.839857985884793,-0.61933873928722,-0.8236121558160823,-0.9089016124058388,-0.573450831216092,-1.334866905046124,-0.5576270151631996,-0.574632006282817,-0.1125966085776244,-0.681083267007809,-1.054776246326952,-0.7792397463445583,-0.8602640805080671,-0.8160431992555971
233,-0.101475926298497,-1.4008126151507088,-0.1610138681528042,-0.2053132184831138,-0.3117246471205304,-0.7984444792945073,-0.9814135011467128,-0.7673489428500035,-0.8018151842892344,-0.521339463372659,-0.6715731298305088,-0.9475473182228992,-0.6866367760419873,-0.4971743727575546,-0.8976960332426386,-0.9682940303719454,-0.9158538824621608,-0.8057176450325934,0.1208001719566382,-0.7538185621464548,-0.331164271116548,-1.4244309903453134,-0.3899327448491893,-0.3858321811078986,-0.6736960178217395,-0.9355391536220382,-1.1267870744716784,-0.8616156381989591,-0.1257916829348623,-0.8869754456100906
234,-0.9137565272979888,-1.614902790785009,-0.9403324566691744,-0.8281716908705967,-0.7956496523921001,-1.0827166704557498,-0.9596934011402892,-0.9086999660088232,-1.323900090221888,-0.3526445805285529,-0.8296565287090155,-0.3444594067709079,-0.7915832655050252,-0.6434857418614104,-1.1877077915649723,-0.7415501688951595,-0.7020573985481698,-0.3898120624989669,1.073687994978601,-0.1387818798982644,-1.014536620115262,-1.768031390311294,-1.0377747305205436,-0.8585349091296451,-1.720497103192793,-1.1399944585165716,-1.167470073983156,-1.2587252980072354,-1.225882498683275,-0.9706533299814069
235,-0.6723444605673707,-0.2675309245647923,-0.698957883270341,-0.6364791747111612,0.2362492559075704,-0.8566255210855084,-0.7777718698726124,-0.3551611052445406,-0.7032397125397131,0.0102620581948997,0.865589417711867,1.6114033144843471,0.6296496177420592,0.1930192586391305,-0.4816791661319807,-0.8622715740688981,-0.6357433526691403,0.4093949597877637,-0.5802443636592659,-0.3922102791026233,-0.6024423854160376,-0.3724600975584721,-0.6600902993337497,-0.5748077975539296,-0.8183544592674885,-1.1102231197827068,-1.0122222126398286,-0.6548384457067663,-1.4928162995634042,-0.8199223064781085
236,0.0376910298168006,-0.2605497231854127,-0.0308528353984846,-0.0619704467555836,-2.177682535094142,-0.98814878819611,-0.8041373091867685,-0.9074102668924104,-0.6448246181696253,-0.983478386122057,-0.6322327406118848,-0.9939945219929684,-0.5965412048991906,-0.4351295515736639,-1.2907119677966976,-0.6543624873807927,-0.6997364069424038,-1.0629821746341268,-1.1517349004653223,-0.6951896041215659,-0.0101863496171523,-0.0679422075412284,-0.0435234440051503,-0.1070272251233355,-1.662195367701021,-0.2389661640155852,-0.5550182204884354,-0.5985000353812056,-0.4283166572656757,-0.3982079355736602
237,1.5344458435466342,-0.0906738229538489,1.545908029739287,1.5987010693496728,1.326503826607636,1.1344169058078348,1.6434543071440522,1.477501339177746,-0.071626504663146,0.3859271334359749,2.5474812870585377,-0.1013373245369521,2.1637494802229766,2.0387426803116813,-0.3283396157546551,0.3661805026527571,0.8118922688700729,0.8976460531677234,-0.2061117876569959,0.3752616940102783,2.0005850166790635,0.091644708082781,1.901491804929996,2.0610065215082,0.7509704509621469,1.0008701435122478,1.6307334985480262,1.2698034637934683,0.1087865057173728,0.850310431900352
238,-0.4735345232598024,0.1397058225656703,-0.475295095974152,-0.522146249642774,-0.8433304984997403,-0.0557360011872342,-0.2573683176955798,-0.4624640717300678,-0.1117868820425805,-0.0436068959906126,-0.147876755920204,-0.3208729361064195,-0.1421031042998092,-0.264396284769766,-0.1703332094962801,0.4589571381103522,0.5048582364501666,0.3623541567710901,0.8303202028217848,0.3238195114852145,-0.5817341324160763,-0.4245701108234549,-0.5698392089160852,-0.5788509967895192,-1.1997267139880985,-0.2446914214644054,-0.3923821729130708,-0.5840347678651833,-0.3490454073073339,-0.3494420162049457
239,1.693493793392688,1.0635514717702057,1.7600970709805726,1.6840241477589168,0.8283457329457257,1.5058659022585246,1.751427058621072,2.039810153933634,1.5968546282824665,1.6858700541758482,2.406722096276306,0.9546108236732136,2.444431836475536,1.9903389191043908,0.3076861714626008,1.220731560572416,1.4786800001837144,1.2269316742844396,0.8254770626793603,0.8068464753418808,1.5346493241799404,0.6111164028180789,1.5351259923434375,1.4334316836362644,0.102199259023638,0.5396688490239568,1.0603079511524267,1.1830118586973342,0.6361829850320533,0.5953976715638911
240,-1.0330424896825297,-0.1581587696211826,-1.0342461132134304,-0.911788307711656,0.7429472026036845,-0.711836218387382,-0.8264851577482911,-0.8026866986397084,-1.2034189580835837,0.4539721281966237,-0.9263833572465496,0.6280289221649146,-0.9064303671815572,-0.6657074685974848,0.6113651505794347,-0.900723577198311,-0.4580217097133414,-0.4212807376204658,-0.3187147959683588,-0.1807677788709268,-1.0787322044151408,-0.1851897373874402,-1.0872192223005182,-0.8880678426765598,0.391516141915136,-0.9533510656850344,-0.9017352458061814,-0.7510705411817779,-1.1126378558856442,-0.3062176785826762
241,-0.7177867319519576,1.210156700737172,-0.7306743374541466,-0.6760122010407779,-1.538616866367863,-0.8994558645538022,-0.8670377144076835,-0.923144596112644,0.4504584012695076,-0.5695380013281177,-0.5557174881866715,1.0326276112557513,-0.4480320216967783,-0.4868335692269061,-0.3063387237439953,-0.1178229088308433,-0.5283145983451126,-0.7783042115504628,1.3800166089869326,-0.5991137632291672,-0.792958313015679,0.9677443061003056,-0.7705957598781507,-0.7103428675817343,-1.6183594763538252,-0.7516947755432576,-0.9585379243693763,-1.0119021543917386,0.555293954462317,-0.9141291961676704
242,-0.2633640181060881,-0.807410497903463,-0.3253627671052527,-0.334435477142437,-0.8006312333287191,-0.9822738295787776,-1.096530031180759,-1.1777054077101603,-0.6557774483640165,-0.5468563364079018,-0.7755183784081571,-1.1672643641820937,-0.8227701939775318,-0.5464582023504324,-1.1363723768734328,-0.984613775886173,-1.020099562583995,-1.526415189181151,-0.8599357068842638,-0.4576477612852414,-0.3850057289164466,-0.8512208444305022,-0.4545680142242165,-0.4283736687171447,-0.8578067614799653,-0.7612368712912911,-1.252098389004673,-1.3643978838611248,-0.4040499480947548,-0.0053097897507244
243,-1.4562236419514958,-1.137854029860753,-1.4667432157198728,-1.1620693377121056,-1.8723827891213427,-1.3868879149982796,-1.0686579953343656,-1.1722628774388997,-0.0862302782556682,0.784273873597267,-0.8321829757230556,0.1599281966696865,-0.8524720306180142,-0.6721099661026309,0.1160117334909433,-1.151052824315522,-0.935449683019414,-1.3502554923669867,0.7830995864331486,-0.6210523410707385,-1.3605715277446109,-0.9131014851826692,-1.380907589138199,-1.0461041954067754,-1.4798380596966836,-1.2846526300567611,-1.235211106188588,-1.5335653808116596,0.145995459779451,-0.3272756892191666
244,-0.305966147529138,-1.2681697889425008,-0.3813814394298966,-0.3534909646538346,-0.913784286031925,-1.2695782574457402,-1.057634730706828,-1.0340845141064547,-1.309296316629366,-1.0798754620329745,-0.0276900622522982,-0.7046066703786704,-0.1480434716279057,-0.1612082665596783,-0.9643654029719108,-1.1606658250978752,-0.9636331525180016,-1.131434653506666,-0.7654944741069919,-0.5756621800192115,-0.3187393193165713,-1.34789440836237,-0.3961877709177406,-0.3659677674721763,-1.3487687445685663,-1.2455300374898233,-1.2183238233725031,-1.2072593988449667,-1.284122600693485,-1.0055652949840093
245,-0.689385312336591,-0.0418054132981932,-0.726555317430276,-0.6717460471203156,-0.5849999442150645,-0.9818947999905624,-0.9161276514164218,-0.9657046669542594,0.4541093446676377,-0.2151369869497445,-0.8845165210138856,0.3867211838282273,-0.869798101991629,-0.6393054170298716,-0.3256728409654842,-0.9148077411352472,-0.7120045054300242,-0.6744900255826309,0.3569032538998183,-0.8071520013819992,-0.7577542829157452,0.1421262834332335,-0.7845951039363362,-0.6987406436883035,-0.441365793681598,-0.9259970578740048,-0.9261066653248496,-0.870903862603984,0.9484146430312348,-0.7960935049683958
246,0.1370959984705844,-0.8376623705474403,0.0292848569500304,0.0284720163582151,-1.4361386299574133,-1.311271512149389,-0.9332024121151132,-0.7776665357813043,-0.6557774483640165,-1.4527053291590226,-0.3218406788869627,-0.5540161269053995,-0.4514972359715014,-0.251635293178753,-0.6700201356171746,-1.08745052844158,-0.8809395373068518,-0.8876335261478357,-0.6783179515433561,-1.096968179695999,0.0395134575827545,-0.6395239155415092,-0.1060737046906602,-0.0699352669185798,-1.3706866902421646,-1.1666487126394125,-1.078140185904888,-0.8599407124865777,-0.5998014020735165,-1.4959952795443732
247,-0.3883302644137021,-1.377541943886111,-0.3986813235301538,-0.4288596839153337,-0.5992330326054042,-0.4711524298708635,-0.6061454149085584,-0.604588914358735,-0.7689566937060609,-0.1981257382595823,-0.2839439736763618,-1.0114122234067444,-0.257445236587016,-0.3334816530383536,-0.1823336960475493,0.123061006122311,-0.0173648748471904,-0.1794261262485326,-0.3913618981047219,0.2258524138823355,-0.430563885516361,-1.5107381998154414,-0.4533765806873494,-0.4601918887885229,-0.5684898785884679,-0.2128844356376267,-0.4571487405315789,-0.46435371241683,-0.5447968612860956,-0.078458668803795
248,-0.734827583721178,-1.9942147323979544,-0.751269437573501,-0.6990494322112737,-0.7394289532502559,-0.8462022074095961,-0.9432463889966964,-1.0320725834848512,0.0780621746602018,-0.2548299005601226,-0.9888226905935396,-1.5542639174694273,-0.8707881632129784,-0.6798325661861577,-0.9723657273394234,-0.6750416169707386,-0.7249357443764349,-1.1564149420051757,-0.0269156023872999,-0.6970808608320462,-0.8136665660156399,-2.0855767836447834,-0.775361494025618,-0.7256367081685293,-1.0156159703298724,-0.5831177506613306,-0.9064847940982054,-1.0271287517770251,0.7914899237259468,-0.5323142138376237
249,-1.5706813630014242,-0.1604858367476419,-1.5602449702617414,-1.233456313314507,0.7856464677747046,-0.8693230122907105,-1.1148728439607505,-1.2618195840825894,1.2828734960432482,1.5299336078493635,-0.2467691104697723,2.830642413448662,-0.3188290323106798,-0.4956342530827772,4.569858978254966,-0.6398312071283981,-1.057500684459768,-1.9134474512424744,4.954254034095998,1.1442466724915643,-1.5152621776543194,-0.5271616994388898,-1.5074974024303027,-1.1259134324918898,0.102199259023638,-1.1233912119149931,-1.3058306525103982,-1.7450628184932917,0.3902803321000545,-0.1543783387300892
250,-0.5530584981828299,-1.212320177907466,-0.6062799327332462,-0.5503028655178247,-1.353586717293439,-1.3686944947639597,-0.9738805184855256,-1.13153417934259,-0.5060887690406686,-0.8941693304987073,-0.6997249679869552,-1.11990998846339,-0.7069330310796503,-0.5394176552657355,-0.5660159188395102,-1.1016464714573806,-0.6851473168490173,-1.0941264304244764,-0.093508779345633,-1.0760130553438771,-0.7080544757158388,-1.4993391344137263,-0.7643407338095999,-0.6460032623545273,-1.4145225815893612,-1.2782912328914051,-1.1083645841268583,-1.4630662349177823,-0.983215406974066,-1.3064731838159611
251,-0.4820549491444127,-0.5328165769812081,-0.5506731624109896,-0.5050816339609252,-1.4795495495479511,-1.322831914589946,-0.9463851317721912,-0.8235798243255922,-1.239928392064888,-1.0189184875598942,-0.0987914996474256,1.7837659847248384,-0.1876459204818823,-0.2019114293930817,0.1053446343342597,-0.8209133148890062,-0.7272898930051405,-0.0966991968054166,1.6693942324967783,-0.3154252566571235,-0.6977003492158581,-0.890303354379239,-0.7595749996621322,-0.641081106763375,-2.1163352020579773,-1.317731895316611,-1.1985100512047668,-1.313845580541973,-1.6173854066407982,-1.364659792153632
252,-1.10120589675941,-0.7236360813509107,-1.0482507812945916,-0.9405137441094348,0.6931313932374931,0.1280933490970359,-0.270425487641638,-0.2390881847674078,-0.2505227311715373,1.4165252832482829,-0.1352445208500037,0.4611092836162289,-0.6282231639823719,-0.3884859271375475,1.149720311143307,0.9597274114236384,0.2701065140384022,0.5910697852314697,0.8048937170740574,1.4377697139581056,-1.033174047815227,-0.8251658377980108,-1.0642841267158314,-0.8616991520096717,0.3432966614332191,-0.1161911987242196,-0.395260687029449,-0.2613831692709588,-0.4736145143847284,0.7245165262560548
253,1.713374787123445,0.0861832786570951,1.6118123501212211,1.7608149183272368,-1.150053553311574,-0.3544113167006466,0.3352263183178325,0.7310234905981403,0.4249017974825943,-1.678104374303668,0.6761058916588624,-0.9626063725702264,0.4959913528598882,0.7593432647644308,-0.8350268256971229,-0.6549213827751156,-0.180497427709603,0.1093070784744998,0.1680207883452744,-0.8343860980129154,1.4062581555801816,-0.4310838624815777,1.2789677819170624,1.3648730879023556,-1.1821923574492197,-0.6397341854329966,-0.0555960212968294,0.4247273089100581,0.2495334189087136,-1.3641056339789872
254,-0.3599288447983354,-1.3891772795184096,-0.3768505174036386,-0.4268688120857847,1.2126391194849135,-0.3032423222916228,-0.6377839420855457,-0.3848241849220301,-0.9807114107976268,0.27818922506495,-0.6639937887883886,-0.3172442483118829,-0.6198076436009018,-0.5229163730359774,-0.3770082556570235,-0.2972283304084825,-0.4268541081501976,-0.2735077322818804,-1.0318671819403231,-0.2602005607110991,-0.4616262650163026,-0.7486292558150673,-0.4307393434868793,-0.4941196041132522,0.9789170859675692,-0.1982532221573086,-0.4465941887715257,0.0136091795073184,-0.8392329325599358,0.0877887835895481
255,1.7644973424311052,0.5166906970521561,1.809525311267024,1.732373892190822,1.468834710511039,1.575986376078298,2.105477243696882,2.617595358086473,2.7651565156842093,0.553204412222567,0.5956205082115861,-0.3517167823599813,0.5672757607970459,0.631953365950698,-0.5186806663317268,-0.0652867417644941,0.0002083473107521,0.3072028704756794,0.864222183818754,-0.1701767412922373,1.870123022779309,1.0068268160490423,1.901491804929996,1.858846559728725,1.1761785970299536,1.2400586769296231,1.257965920477058,2.3432785794561783,4.298838289229709,1.0226536242147852
256,-0.4138915420675323,-0.4630045631874144,-0.4415191317784111,-0.4692459410290427,0.4582854347968786,-0.524974631397392,-0.7139926166745587,-0.7183403764263252,-0.381956693504234,-0.4192719712316878,-0.7044169410130295,-0.4832567149119347,-0.6435691129132878,-0.5000345950107127,-0.0773294387239456,-0.8922283672046035,-0.6168438495936169,-0.8633020763116251,0.0033540235028513,-0.760627086304184,-0.5299634999161736,-0.7453723799860055,-0.5528612810157322,-0.5382432131625116,0.2643920570082655,-0.846479593307058,-0.8164832527261158,-0.8920688329695324,-0.3441920654731503,-0.8348845771935097
257,-0.0049110996062497,-1.49156823308264,-0.079869173682548,-0.1091825501420321,-0.2327310065541418,-0.9718505159028652,-0.8932776040108198,-0.5568700470514693,-1.6013717884798016,-0.8218715235655187,-0.5344231490683339,-0.2464848363184183,-0.6475293577986854,-0.3612038071843472,-0.1163310200155698,-0.7912918589898943,-0.867941984314562,-0.8384839974786903,-0.7727591843206281,-0.4988771575737117,-0.1530732953168833,-1.250188133490527,-0.2639386483255189,-0.2297295323599213,-0.1871176238678588,-0.9120019841102222,-1.0512260789167525,-0.8482162324999069,-1.295447064973248,-0.7268237331378359
258,0.6085595640856742,0.3305253269353729,0.6150095043444692,0.4516744852680666,1.4617181663158687,0.5222841208406254,0.7407518849117565,0.9275736359394188,0.4979206654452032,-0.0039139823802335,0.116678338549991,0.0274810921690988,0.1999630476764133,0.0896112233326459,-0.114664285772338,-0.2597823389888506,0.0194394206156708,0.3445110935578689,-0.6274649800479019,-0.3804844874976456,0.6234861921816555,0.7658180046984966,0.6713366781149651,0.4226318747388891,1.1674114187605142,0.2572228148821622,0.4198385602582922,0.6653075475975876,0.3271868882556609,-0.1078290520599526
259,0.6057194221241382,0.6027921807311676,0.6397236244876943,0.4889322295067696,1.4332519895351885,0.4540587949619273,1.1437664572852848,0.7967981455351826,0.2094961369928985,0.3575750522857062,0.5970641922196088,0.4357084690544723,0.0469985889779287,0.3824539786367543,1.1730545905485523,0.6752496557133009,0.8785378849784975,0.0103591824739101,2.382546618468743,0.9048135729447596,0.3025082706822594,-0.0760843971138821,0.1917846795260543,0.1663282014567373,0.4485028006664913,-0.2714092895588995,0.2984612150176807,-0.1508380722537776,-0.2665385961262031,-0.2447061211971389
260,-0.3258471412598949,0.014044197736842,-0.3068271769978336,-0.4007030680402831,-0.0405843132845484,0.1546254202720852,-0.2225910477430978,-0.500897105399163,-0.1848057500051894,0.3689158847458137,-0.493639075841687,-1.1801462058526986,-0.198536593916726,-0.4331493977060929,-0.4380107289593075,0.395243063157546,0.3990873332731144,-0.3220084222887266,0.8436388382134512,0.2939376554596258,-0.3829349036164506,-0.6069551572508951,-0.2398121192039654,-0.432944241766072,-0.1564324999248209,0.4518815681420475,0.3440376885270012,-0.244024848251732,1.1247527296732591,0.4274877446466144
261,-0.8257121264903514,0.1327246211862907,-0.8249998960007899,-0.7610508691886578,0.6433155838713017,-0.692695224182525,-1.0520226586242434,-1.0662238160874564,0.4687131182601599,-0.3568973927010938,-0.388250143256016,1.3592095127640498,-0.4490220829181278,-0.4558111586349608,1.949752747894572,-0.8069409300309346,-0.9481819798281876,-1.1077520423327545,2.650130111337681,-0.6929200960689895,-0.8882162768154995,0.0167365640143686,-0.904036316007239,-0.7813625411112194,0.4397356223970518,-1.0023974378299272,-1.2417837134209846,-1.437181019362795,0.6329474238092633,-1.037706469113389
262,-0.8171917006057415,-1.049425479055281,-0.848066408134467,-0.7533717921318259,-0.9465203893297076,-1.132559061306021,-1.1026480685987536,-1.185959482055201,-0.1409944292276239,-0.2817643776528784,-0.6885364169247777,-0.4005226331964991,-0.661885245508252,-0.5559189374954937,-0.4746788823104074,-1.025804366447768,-1.0252156912235622,-1.436388824787172,-0.4288962342085092,-0.6675772561485536,-0.7266919034158037,-0.5890423401910574,-0.7500435313671975,-0.6818646816614952,-0.6912303743606186,-0.9944456913732324,-1.2793579176867738,-1.4912354400805627,-0.1387339278260205,-0.5411807446319358
263,-0.5189767946443894,-0.0627490174363313,-0.5803301065828599,-0.5417705576769003,-0.9415388083930888,-1.1810748485975398,-1.0174964880938009,-1.0416679449109607,-0.995315184390148,-0.4745585294747132,-0.7982564015345176,0.5717842613495967,-0.8252453470309052,-0.5961820661361036,0.280018383024953,-0.9527008488703372,-0.8252688957914066,-0.8555160123640377,-0.1395186106986628,-0.5949529984661105,-0.6045132107160336,0.4531579251085998,-0.6770682272341023,-0.5911563857674004,-0.4457493828163177,-1.041647258340172,-1.1322082760575238,-1.1385874446373236,-0.5609746674000429,-0.6581081194819209
264,0.8329307790470721,0.3980102736027066,0.8168414855141419,0.7500208494390571,1.1058909565573614,0.0238602123379135,0.7784167982176937,1.3005546204059388,-0.3089378255416251,-0.2959404182280137,1.4831252521436598,1.654947568018787,1.5890189412296416,1.0304043275252586,-0.1953342231447573,-0.4196264217651898,0.4352284882771855,0.9154891163809444,-0.2727049646153286,-0.0234152205589666,0.9775973184809884,1.2168953070235042,1.070466912965362,0.8462888381202238,0.5493253507650432,-0.3114860917006406,0.5747985701899816,1.0368365237985822,-0.4493478052138075,-0.4408781150212847
265,-0.3230069992983583,-1.177414171010569,-0.3249508651028653,-0.3998498372561908,-0.1238478803680393,-0.0889010901560459,-0.6455680241687728,-0.7206618348358679,-0.5827585804014076,1.3584035168902306,-0.8076403475866664,-1.044433282337028,-0.9624183292488668,-0.5704400658576809,-0.6033507658879023,-0.1357075614491748,-0.025322560352674,-0.726883747563271,-0.5027541213804788,0.7209834206860757,-0.5278926746161776,-1.4276878661743748,-0.5921785877323388,-0.5354305528247102,-0.7964365135938902,-0.3611049895904153,-0.6101897410523496,-0.8543068714540215,-0.7583439019901995,0.9395298980181132
266,-1.1580087359901436,-0.4094820192788392,-1.135162103798267,-0.9786247191322306,0.3088380066983053,-0.5890306318057252,-0.799617519590056,-0.8039763977561211,0.2861659483536375,0.0726366367254948,-0.517098940972059,1.448112363730198,-0.5386226234502498,-0.5167558943368676,0.2540173288305366,-0.6141220189895465,-0.4971469967819688,-0.6087951110248623,0.0554177800339115,-0.3846452522607022,-1.05802395141518,0.189350982954624,-1.050880499426079,-0.8729497933608772,0.3432966614332191,-0.7256130471652991,-0.7996919203805767,-0.755486254423511,-0.0109292595258369,-0.4048578336693936
267,2.664822344238235,1.1589612239550569,2.600377155850232,3.1060754545796536,0.7500637467988539,0.4540587949619273,1.7828144863760198,2.3751319242009066,-0.0533717876724938,-1.0968867107231366,2.1793418650127,-0.5304296562409112,1.7801007569500786,2.722995850105653,-0.249669759474114,-0.3223786231530116,0.1301838772336499,0.196900297884858,-0.696479727077447,-0.2560397959480424,2.982156208877216,0.8228133317070718,2.833788547528313,3.560506064098567,0.83864223365654,0.0861012311340927,1.0060959352939716,1.4357733752930928,-0.4978812235556493,-0.3638501287457019
268,0.0831333012013876,-0.6398616647983586,0.0898344513009323,-0.0389332155850876,0.0818202468723779,0.1811574914471345,-0.109596307825286,-0.1725397103605183,0.3664867031125076,0.1874625653840863,-0.2023758272230683,-0.8096571820305066,-0.093590104453688,-0.1803497539461977,-0.821359604902622,0.2823461935043274,0.2157289964175979,0.1028186918515103,-0.2194304230486624,-0.1595857037135476,0.0830007888826728,-0.6786064254902462,0.12327725115621,-0.0324917261715986,-0.1301309651165035,0.5269460546932454,0.4956394319895829,0.4079780517862429,0.2462978576859245,0.2047161584395332
269,-1.284111039082373,-0.5700496510045647,-1.2492589584594902,-1.0648010283255671,-0.8219808659142301,-0.2285734934132697,-0.0574931777520728,-0.6706215091190595,0.8192036844806824,1.1982142583912054,-0.7968127175264947,-0.497045728531174,-0.7113883065757226,-0.6219240664145264,-0.3623409943165838,0.5159644683312843,0.6096344289390331,-0.5330431972014599,-0.3683569824282066,0.0893036793856585,-1.1429277887150202,-0.4245701108234549,-1.0726241614738994,-0.9263903397791036,-0.3975299023344014,0.5555723419373462,0.7767743106891803,-0.5086631108080144,0.1314354342768992,0.7926779817373262
270,-0.8711543978749384,-1.0075382707790044,-0.843535486108209,-0.7991618442114536,0.4938681557727293,-0.2533999314413517,-0.4372810535869399,-0.4000426344956986,-0.1300415990332327,0.889176573853266,-0.8845165210138856,-0.7154927337622804,-0.748020571765651,-0.6498662376569169,0.125012098404395,-0.3749147902193608,-0.1430299917879514,-0.2751298289376277,0.3556924688642124,-0.3320683157093502,-0.9006412286154762,-0.9407849297296916,-0.819146676505475,-0.7745066815378285,0.4134340875887343,-0.2116121562045556,-0.2028799935848439,-0.108203599574975,0.647507449311816,0.3798301416271892
271,1.577047972969684,0.556250838201972,1.5623841098347713,1.5332867092359188,0.1145563501701607,0.5601870796621243,1.224118272337951,1.583256666723578,0.9871470807946824,-0.8006074627028167,0.7847431132625852,1.9361708720953767,1.1420062997903813,0.6011509724551493,-0.7616905189949237,0.4583982427160296,0.3831719622621475,1.0160591090372812,2.060477798997534,-0.1917370677917125,1.342062571280303,1.4627894321176418,1.4993829862374313,1.1591973007006289,-0.4632837393551963,0.5822902100318402,0.965316985311948,1.6885348918888516,1.8511362241894915,-0.2641016573096959
272,-0.6865451703750538,-0.8935119815824752,-0.6977221772631798,-0.6671954829384892,1.326503826607636,-0.5975587975405626,-0.6119207016154689,-0.4235151584144077,0.7206282127311601,0.320717346790356,-0.2186172723133258,-0.8660832772355513,-0.2529899610909438,-0.3477827643041439,0.831707417534679,-0.8108531977911946,-0.5100782357283795,-0.0950771001496693,-0.1225676202001784,-0.2628483201057715,-0.6645671444159205,-1.2241331268580355,-0.6880889874501208,-0.640202150407812,0.5975448312469589,-0.9081851458110088,-0.7843398450932265,-0.5476432001143481,-0.2196229583957559,-0.3261673728698773
273,0.1796981278936348,-1.0587337475611198,0.1194913954728026,0.0392796062900529,-0.5415890246245267,-0.5029909152809228,-0.5363397755815548,-0.3518078875418679,-1.0610321655564956,-0.521339463372659,-0.2251138503494289,-1.4855002837629578,-0.1628943899481471,-0.2481150196364046,-0.7696908433624362,-0.5822649815131432,-0.4424379089317694,-0.1826703195600272,0.1316972372770926,-0.3827539955502219,0.2072503068824385,-1.261587198892242,0.2066775987368901,0.000381241526455,-0.4545165610857573,-0.3394762392282059,-0.2738833417888377,0.1597845144060701,0.336893571924029,-0.1150331083303311
274,-0.7547085774519343,-0.7585420882478072,-0.7805144797429846,-0.7172516889385792,-0.398546486301607,-0.8619319353205181,-0.7900757415525518,-0.6628833144205839,-0.6484755615677564,0.130758403083547,-0.8462588948012788,-0.8261677114956484,-0.8792036835944483,-0.6179637586793845,0.7167027547516848,-0.9462176622961922,-0.7458246688283293,-0.8890934131380083,-0.3623030572501766,-0.2972691922365128,-0.7784625359157062,-0.795853955336458,-0.8218274019634255,-0.7115734064795223,0.9087796598120552,-0.9050044472283308,-0.834569916424025,-0.7480252217047207,-0.0804938258158096,0.204162000264889
275,-0.6183817632981738,-1.0075382707790044,-0.6071037367380203,-0.6489932262111838,1.3834361801689967,0.3081324034991561,-0.9678541323565756,-0.8008811198767307,2.36355274188986,0.427037651103866,-0.1594262279843873,-0.3027294971337362,-0.203486900023473,-0.3011391398680276,-0.4136764090081234,-0.0731112772850141,-0.7983453931645206,-0.207001769396238,0.8230554926081483,-0.2575528013164266,-0.716337776915823,-1.295784395097387,-0.7199598345613091,-0.6757119871725547,-0.1345145542512227,-0.418357564078617,-1.156051967988189,-1.0193631871105289,0.3611602810949499,-0.4458655385930853
276,0.4608721820857667,-0.0162076749071357,0.6232475443922105,0.2949644312564213,1.9883424367584583,2.502713719263949,2.5436457351559514,1.9417930210862773,2.056873496446902,1.8758289978826552,0.4158818492127356,0.194400730717785,0.3024343840860776,0.2394428659788501,0.7627046198648828,2.241833446000288,2.2426178087101336,1.7897992138287784,4.224150657625548,1.337154856960554,0.2258877345824034,-0.2454419402250762,0.3615639585295818,0.0610292300602975,0.992067853371728,1.5924800798903314,1.9910275154480228,1.5058157232654117,2.174692346468436,1.1667347496223492
277,3.295333859699378,-0.4257714891640577,3.387109980409569,3.854074441967361,1.3193872824124655,2.500818571322874,3.1136414231858014,3.6725692353119697,0.5271282126302466,-0.225060215352339,2.128091082727887,-0.66396536707986,2.1563240210628565,2.4809770440692,-0.2240020521283443,0.9474317127485355,0.3569779141399307,0.5326743056245641,0.3399522634013335,-0.1550466876083949,3.4915792326762576,-0.3415197771823889,3.635027601071276,4.137101433347852,0.9043960706773349,2.159280567323527,1.7890517749488235,2.451387420891713,1.2768241071443636,0.2329782253464022
278,0.2705826706628089,1.5010400915446451,0.2484167222199609,0.1755121214834794,0.4298192580161982,-0.126045989801115,0.4356660871336651,0.4284600778877476,-0.6010132973920598,0.2611779763747888,0.8959067818803477,0.5246113200206202,0.6474707197263488,0.5067636381009325,1.159720716602698,-0.0652867417644941,0.5711722823291959,0.9187333096924388,0.0796334807460324,0.405521801377963,0.4640326440819556,1.228294372425219,0.4151784676885903,0.2978200722489523,1.47426265819089,-0.1187357575903618,0.6270915766375175,0.5785159425014538,-0.3991966062605703,0.5782187681499128
279,-0.8484332621826449,-1.2146472450339256,-0.8538330361678862,-0.7687299462454897,-1.680947750271266,-0.828198301969384,-0.5492713958165932,-0.8823901040340063,-0.4440227312724508,-0.2789291695378514,0.0614574252431154,-0.7396235075959491,0.2296648843168958,-0.2529553957571336,-0.5000132428075307,0.4690172552081637,0.436223198965371,0.4726567293619115,1.2686243857111754,0.3919047530625051,-0.8592247226155543,-1.6051875988582225,-0.823316693884509,-0.7507748599376293,-1.9168818964282333,-0.8184894457794929,-0.7296480768820421,-1.1478756690423484,-0.5253834939493592,-0.7628440144897269
280,-0.4451331036444356,-0.0511136818040322,-0.4139216976184762,-0.4809067617449727,-0.6234292828689831,-0.0102524506014354,0.178289179543094,-0.1292058200490553,-1.017220844778931,-0.1357511597289893,-0.162313596000433,0.473809690897107,0.1712512722572804,-0.2826577037706984,0.9373783685555758,0.9429605495939524,1.0217762240772013,1.275594573956861,0.7080309142255734,0.1551194129103728,-0.6003715601160415,-0.5287901373534207,-0.5433298127207975,-0.5857068563629101,-0.998081613790994,-0.343929217243955,-0.1601820341919015,-0.334318570746482,-1.2614736721339586,-0.6686371248001658
281,-0.305966147529138,-0.162812903874102,-0.2833487628617693,-0.4063912732675661,0.8425788213360664,0.4938569017245011,0.0907810309623,0.1834172457693559,0.8155527410825513,0.3136293265027873,-0.3413304129952719,0.5318686956096934,-0.1366577675823876,-0.4129078248375895,0.2553507162251219,0.7736152451141248,0.6374863282082254,1.1296058749395974,0.975614407094511,0.7262789394754202,-0.430563885516361,-0.1347081620369877,-0.3884434529281058,-0.5087102796155969,0.0846649024847601,0.0733784368033812,-0.0714278489369092,0.1704431325757709,0.3433646943696081,-0.042992545626549
282,-0.0730745066831302,-0.7166548799715311,-0.1420663760429985,-0.1740280897330576,-0.6355274080007727,-0.9366007641988712,-0.9262971780090248,-0.723241233068693,-1.4151736751751491,-0.56244998104055,-0.544528937124494,0.2651601427112495,-0.5589188784879128,-0.4311692438385219,-0.4676785984888338,-0.9802543918104546,-0.8832936859355573,-0.9333766518399116,-0.6177786997630534,-0.6460169296490784,-0.2400479579167196,-0.0158321942762461,-0.3133831401054939,-0.3272936878274071,-0.748217033111974,-0.976252095480315,-1.0522815340927576,-0.8990730677667644,-0.8715885447878303,-0.7101989878985018
283,-0.4508133875675094,-0.2838203944500109,-0.5168971982152482,-0.4635577358017598,-1.56565973430951,-1.4752018090523722,-1.0998822084649875,-1.1212681743759456,-1.0354755617695834,-1.551937613184967,-0.1951574071829538,-0.4792651583379445,-0.265860756968486,-0.2648363189625595,-0.4193433054351115,-1.1616718368076564,-1.0312104809710263,-1.3267350908586495,-0.0135969669956335,-1.035237560665922,-0.5278926746161776,-0.7649136349603741,-0.6088586572484749,-0.5183787995267891,-1.72882592254876,-1.3422232744032303,-1.288650720759148,-1.4961079512438544,-1.0802822436577495,-1.5924188019325125
284,-0.2349625984907209,0.5306530998109145,-0.2771702328259633,-0.3094073741423918,-0.750103769543012,-0.7696382305901682,-0.6950346103105703,-0.6365734524457671,0.012345193493854,-0.8275419397955734,-0.5163770989680477,0.5844846686304748,-0.414864970781573,-0.4258888335249993,-0.5143471572993241,-0.2810203639731196,-0.4623321226954782,-0.8754678012297304,-0.2727049646153286,-0.695567855463662,-0.4284930602163649,0.5736623307838724,-0.4265693261078453,-0.4559728982818207,-0.8052036918633292,-0.5570360222833721,-0.7243708010020155,-0.8902416412832981,-0.4266988766542811,-0.9623409573617396
285,-0.3883302644137021,-0.1046362257126074,-0.4159812076304115,-0.4501904535176447,0.0284461654086018,-0.4703943706944336,-0.7773952207395529,-0.802428758816426,-0.1921076368014505,-0.1371687637865022,-0.6636328677863829,0.12364131872432,-0.6589150618442037,-0.5077351933845998,-0.4776790039482245,-0.5040196263079424,-0.5505298037145876,-0.2918374244918255,-0.1758421617668446,-0.6286173679126597,-0.5216801987161894,0.0509337602195131,-0.5790728188268034,-0.5289262757935443,-0.1125966085776244,-0.4476199910392534,-0.7037414498346388,-0.4794280438282639,-0.2535963512350458,-0.6409292160679418
286,0.6738828292010182,-0.2326249176678958,0.6026524442728561,0.5210705890409184,0.0355627096037721,-0.3726047369349659,-0.3789004379627372,-0.0146805385116176,-1.1559566939078878,-0.9735551577194624,-0.2391897694276522,0.4030502789036424,-0.2584352978083656,-0.148667292065062,0.0720099494696239,-0.4151552586106069,-0.4500640242078578,-0.2378216058554379,-0.4361609444221457,-0.6785465450693393,0.3853412826821032,-0.0370018871651452,0.2960351140019044,0.2257456510927916,0.0627469568111618,-0.5494023456849452,-0.5080024899209259,-0.3559403390335889,-0.819819565223199,-1.0670768523695464
287,-0.2065611788753541,-0.5444519126135072,-0.2672845847686728,-0.2914895276764506,-1.209120870131486,-0.8979397462009423,-0.841048924226587,-0.8818742243874412,-0.5900604671976687,-0.8204539195080057,-0.8906521780479827,-1.0966863865783556,-0.9059353365708824,-0.5966221003288972,-0.882362078204906,-0.7253422024597964,-0.5763922816074089,-1.023889645230615,-0.9241073137713848,-0.6509341970963272,-0.3187393193165713,-0.647666105114163,-0.4021449386020745,-0.3816131906011965,-0.4852016850287945,-0.5513107648345519,-0.6514484433871028,-0.6811804591833122,-0.2584496930692295,-0.450298803990241
288,1.7928987620464725,0.5795215094665702,1.7230258907657356,1.8148528679864249,-0.3458840592573476,0.1659963079185349,0.1153887743221788,0.746241940171809,-0.7068906559378432,-1.024588903789948,0.6241332673700379,-0.5444001042498774,0.6692520665960358,0.706319144532808,-0.2776708947604083,-0.3587068237839976,-0.2700213896462928,0.4564357628044376,-0.7376464182880528,-0.7144804225684649,1.6651113180796946,0.1128144009716806,1.6066120045554484,1.5810963513708376,0.0145274763292461,-0.1060129632596503,-0.0095397954347793,0.9424316200098048,-0.4719967337733329,-0.9196707779141152
289,1.7247353549695914,1.7546904083287618,1.7189068707418638,1.6470508137815778,0.1914150274779981,1.185585900216858,0.9453979138740154,2.0011191804412563,0.2314017973816808,-0.3682382251612022,2.0605988553528167,1.2249480643661936,2.1097911436594337,1.3918924169051607,0.4660259245696219,1.1883156277016895,0.9000899498891822,2.200189667732864,2.004781687359656,0.1857577716201533,1.6402614144797418,1.324372209382532,1.570868998449443,1.3894838658581177,-0.2002683912720175,0.5555723419373462,0.4706923096476391,1.5317009388203988,0.5989740309699743,-0.4225908952580171
290,-0.5445380722982196,-0.29545573008231,-0.5626183204802149,-0.5588351733587492,-0.2882400512764691,-0.6176473657159572,-0.5634585131618296,-0.7389755622889266,-0.4257680142817985,-0.5156690471426052,-0.5503036731565858,-0.79514243085236,-0.4910996848254779,-0.4789129537566222,-0.4026759630027935,-0.6482146380432412,-0.394360225669473,-0.763867551314311,-0.1407293957342688,-0.6940548500952777,-0.4098556325164001,-0.2666116331139759,-0.3994642131441244,-0.4499959950639928,0.1942546308527515,-0.2370577448659785,-0.1481882253736594,-0.4007065353463319,0.5132316585660535,-0.5123645195504225
291,2.153596791161632,-0.4746398988197134,2.015476312460568,2.534410829237717,-0.1793569250903657,-0.3547903462888614,0.3515477807504053,0.9216410200039208,-0.3454472595229295,-1.737643744719234,2.8939654489840323,-0.3009151532364681,2.409284663117632,4.0430984284863065,-0.4910128778940789,-0.8024697668763516,-0.3625294836475389,0.0282022456871311,-0.958009294768354,-0.7534403108043588,2.998722811277185,0.1242134663733957,2.747409616105466,3.9771313766353984,0.1723366851791532,-0.5818454712282595,0.0667408286492412,1.0261779056288816,-0.632157014301411,-1.0532228980034344
292,2.238801050007732,0.6074463149840871,2.2749745739644323,2.352388261964663,0.7073644816278338,1.7257030634232189,1.9585840818037263,2.609857163387998,0.0452036840770284,-0.1981257382595823,2.175732654992643,-0.9379312955673772,2.3241393980815817,1.977137893320584,-1.021034367241792,0.1526824620214228,0.1281944558572791,0.4726567293619115,-0.6492591106888107,0.0004146139930848,2.358837793578389,0.0199934398434299,2.613373343207944,2.3668833332441013,-0.1301309651165035,0.8539218689925302,0.9758715370720014,1.9580456656084253,-0.2584496930692295,0.0994261052570822
293,0.6312806997779683,0.9309086455619976,0.7015089248457574,0.5276120250522938,0.0754153570967253,0.8596204543519667,1.1588324226076598,1.0010864855749362,1.326684816820814,-0.0875526217735305,0.0939403154236306,-0.3535311262572494,0.0524439256953505,0.1135930868398945,-0.4686786390347727,0.765231814199282,0.955793748427567,0.7727446106751751,1.3836489640937502,0.1097292518588457,0.6441944451816161,0.8716664691429934,0.6564437589041294,0.4999800340284274,0.4002833201845743,1.3501108478902777,2.0941742712849054,1.6778762737191508,3.111387320465981,0.675750606887341
294,0.3018242322397123,-1.4147750179094671,0.234000152136413,0.1618604289380001,-1.1906178552240427,-0.6633204310958635,-0.6888826744706005,-0.5764734736209406,-0.3308434859304073,-1.043017756537623,-0.8188288986488439,-1.459373731642294,-0.7564360921471209,-0.4976144069503482,-0.6763537257414554,-0.5940017847939234,-0.5432352586678942,-0.4284179629057544,-0.4930678410956303,-0.767057359119817,-0.0143280002171444,-1.619843540088999,-0.0822450339533232,-0.108081972750011,-0.8665739397494042,-0.5125062421258819,-0.6524079480925622,-0.4998316843245479,-0.6693659683634896,-0.902491874500136
295,1.849701601277206,-0.4513692275551152,1.7642160910044444,1.9343051777593665,-0.1352343510803111,0.0617631711594126,0.802271243311454,1.0444203758863992,-0.8784849956499744,-1.1365796243335138,0.7526211440840757,-1.0148594768115542,0.6202440361392396,0.8070869746825312,-0.2766708542144691,-0.364854673121549,-0.1685608994513777,0.0849756286382891,-0.9422690893054754,-0.788239434277196,1.8846187998792816,-0.4082857316781476,1.7734126997168094,1.872909861417732,1.044670922988364,0.325925904268004,0.689459382492377,1.4707945492792522,-0.3425742848617558,-0.7423401620278814
296,-0.1241970619907905,-0.7492338197419682,-0.1700757122053201,-0.2155519878922231,-0.9493670070077757,-0.7694487157960606,-0.7939677825941653,-0.7379438029957964,0.2204489671872897,-0.8658172493484376,-0.8469807368052902,-1.2886439709093445,-0.7396050513841809,-0.5794607668099487,-0.9370309613829092,-0.5369944545729913,-0.6698950862968406,-0.8858492198265135,-0.1346754705562388,-0.611974308860433,-0.2959602410166143,-0.890303354379239,-0.2413014111250489,-0.3691320103522028,-0.9586293115785172,-0.2841320838896109,-0.6600839857362372,-0.6811804591833122,0.6830986227624997,-0.3843539812075482
297,0.580158144470308,-0.7492338197419682,0.5902953842012436,0.3800030994043013,0.1736236669900727,0.7478067258285448,-0.2798417159681223,0.1302816421731571,0.6512602881666822,0.4142792145862455,-0.8325438967250613,-1.3205764235012671,-0.7509907554296993,-0.5594392110378421,-0.8436938437619282,-0.4112429908503468,-0.4106071669098353,0.0265801490313837,-0.1455725358766932,-0.0374105202165208,0.1451255478825553,-1.0645462112340256,0.1739131764730512,-0.0335464737982742,-0.3887627240649625,0.0046753474175394,-0.2916341788398363,0.1597845144060701,0.4080759188253972,0.3133311606698514
298,-0.1895203271061339,2.0758256717802133,-0.2503966026708024,-0.2639017323241282,-1.5080157263286316,-1.0817690964852125,-0.9552991612545964,-0.9737008014760176,-1.4261265053695404,-0.732562467942169,-0.8527554728373818,-0.1212951074069039,-0.7257441942852892,-0.5594392110378421,-0.6996880051467005,-0.751610285992971,-0.8085577562298911,-1.07336359323091,-0.7412787733948707,-0.7984522205137897,-0.3270226205165559,1.620747909827122,-0.3023623798894753,-0.3515528832409441,-0.9454785441743584,-0.6906253627558425,-0.9251951358546632,-0.8648132236498693,-0.3344853818047821,-0.7390152129800143
299,-0.1327174878754004,-0.9633239953762688,-0.1523639261026756,-0.2112858339717609,-0.9735632572713536,-0.5469583475138613,-0.5814121218376597,-0.6244502807514889,-0.071626504663146,-0.542603524235361,-0.9563398004130244,-1.2249605001152264,-0.8737583468770266,-0.6377652973550942,-0.6096843560121834,0.2437824112960496,-0.2474746140474228,-0.5580234856999694,-0.286023600006995,0.4059000527200591,-0.3580850000164975,-0.9831243155074898,-0.2770444172310547,-0.3930396232235146,-0.2134191586761762,0.3570967503782472,-0.0733468583478278,-0.1401794540840771,0.7866365818917622,0.689050403078808
