ID,Diagnosis_0
100,0.0
101,0.0
102,0.0
103,1.0
104,1.0
105,0.0
106,1.0
107,0.0
108,1.0
109,1.0
110,0.0
111,1.0
112,1.0
113,0.0
114,1.0
115,0.0
116,0.0
117,0.0
118,0.0
119,0.0
120,1.0
121,0.0
122,0.0
123,0.0
124,0.0
125,0.0
126,0.0
127,0.0
128,1.0
129,0.0
130,0.0
131,0.0
132,0.0
133,1.0
134,0.0
135,1.0
136,1.0
137,0.0
138,1.0
139,0.0
140,0.0
141,0.0
142,0.0
143,0.0
144,0.0
145,1.0
146,0.0
147,1.0
148,0.0
149,1.0
150,0.0
151,0.0
152,0.0
153,1.0
154,0.0
155,0.0
156,1.0
157,1.0
158,1.0
159,0.0
160,1.0
161,0.0
162,1.0
163,0.0
164,0.0
165,1.0
166,1.0
167,1.0
168,0.0
169,0.0
170,1.0
171,1.0
172,0.0
173,0.0
174,1.0
175,0.0
176,0.0
177,0.0
178,0.0
179,1.0
180,1.0
181,1.0
182,0.0
183,0.0
184,1.0
185,0.0
186,1.0
187,0.0
188,0.0
189,0.0
190,1.0
191,0.0
192,0.0
193,0.0
194,0.0
195,0.0
196,1.0
197,0.0
198,1.0
199,1.0
