ID,radius1_0,texture1_0,perimeter1_0,area1_0,smoothness1_0,compactness1_0,concavity1_0,concave_points1_0,symmetry1_0,fractal_dimension1_0,radius2_0,texture2_0,perimeter2_0,area2_0,smoothness2_0,compactness2_0,concavity2_0,concave_points2_0,symmetry2_0,fractal_dimension2_0,radius3_0,texture3_0,perimeter3_0,area3_0,smoothness3_0,compactness3_0,concavity3_0,concave_points3_0,symmetry3_0,fractal_dimension3_0
400,1.8355008914695223,0.4538598846377411,1.8877866917205708,1.8916436385547444,0.8639284539215765,1.1382072016899842,1.6321548331522708,1.6296858349144314,0.1328263256321585,-0.0818822055434768,0.6685265506167422,-0.0015484101871943,0.6633116992679395,0.7646236750779537,-0.1249980380803751,0.135915600191737,0.2893375873433209,0.4856335026078902,-1.1347839099668378,-0.0256847286115431,1.5719241795798702,0.8276986454506642,1.6661836813987914,1.54593809714832,0.615079187785838,0.6707136306302851,1.1788067822766597,1.4723172090177807,-0.6806904326432528,0.3349433294809861
401,0.2592221028166618,-0.593320322269163,0.2784855683942184,0.0981525303924312,0.1757586302486239,0.6075657781889982,-0.1455035251769462,0.3224468105186328,-0.5243434860313209,0.8353076196677526,-0.1197249177637577,-0.6795687245963675,-0.2782365222353539,-0.1209451379190682,-0.9726990741880698,-0.4073307230900867,-0.3956865065870537,-0.2848624088721118,-1.2098525821744128,-0.2110278862386116,0.1016382165826377,-0.8544777202595636,0.0726413258393685,-0.0416328722694532,-0.8271216375369275,-0.2332409065667652,-0.415410285844096,-0.1949952046711089,-1.170877957895854,0.0855721508909702
402,-0.4508133875675094,-0.6910571415804736,-0.4415191317784111,-0.5079257365745666,1.3834361801689967,0.0788195026290871,-0.370614157035431,-0.4160349035392147,0.479665948454551,0.4709833768867849,-0.5322576230562995,-0.2210840217566617,-0.6435691129132878,-0.4806730905277965,0.8870429944099752,-0.5481723624594486,-0.2037073437672634,-0.0301932339197742,0.9041780899937538,-0.4973641522053275,-0.5589550541161192,-0.6965192425500845,-0.6133265330117253,-0.577620457891731,1.1235755274133177,-0.5036002860943838,-0.3995784582040161,-0.46435371241683,0.4113114800481862,-0.4746817636745979
403,2.545536381853694,0.1257434198069111,2.4768065551341056,2.9212087846929577,-0.2092464107100805,0.4388976114333278,0.9893403127309424,1.3253168434410607,-1.1194472599265834,-1.128073999988433,3.1971390906688395,-0.855741517021122,3.3508328846209245,3.0772233753044618,-0.4293437108945022,0.4516914979841551,0.2608225476153379,1.5837929385488618,0.1777070686301224,-0.3396333425512713,3.007006112477169,-0.2942950776609978,3.104839677165524,3.3425248879189597,-0.5465719329148696,0.6885255426932809,0.5143497737460409,1.7022388295356092,0.0117196690336893,-0.619317047256807
404,-1.3801078373823124,-1.4938953002091002,-1.2554374884952966,-1.155243491439366,4.770911217069983,2.26582022662958,0.1067258442618133,0.0928803677971921,2.067826326641294,4.567859103100775,0.0087629589502798,-0.2247127095511984,0.0732352113436882,-0.4465704405862962,0.9140440891503304,1.114541435651072,0.0973584245235304,1.635700031532778,0.5905847657717865,2.517299044300255,-1.2402565778148371,-1.5139950756445029,-1.1381530060015763,-1.0202628785532253,2.535091228793046,0.5714758348507356,-0.2988304641307815,-0.1843365865014084,0.2220311485150037,2.286134262404198
405,-1.2642300453516158,-1.4310644877946856,-1.1471072618674922,-1.087553849234699,2.0737409671005005,2.1994900486919566,0.3766577229543635,0.5535608921797683,0.8958734958414213,4.67134419929926,-0.4719838157213438,0.3141474279374942,-0.5341673479541775,-0.498714492432332,4.909872763874254,1.307919242086783,0.6630172358716517,0.4385926995912166,0.699555418976331,2.906897926659195,-1.1739901682149618,-1.2436743818324043,-1.1256429538644743,-0.9712171139128132,2.9909844988038894,0.7126988519216328,0.091687950991185,-0.108203599574975,-0.0853471676499942,2.906791418006014
406,-0.5416979303366829,0.1746118294625668,-0.5148376882033128,-0.5739089172110489,0.9422104400684482,0.2057944146811087,-0.0885039563739611,-0.7031219268526567,1.1404867035161614,0.8707477211055898,-0.8087231105926835,-0.7637542814296178,-0.9308353762878204,-0.6107031944982909,-0.2563366964470412,-0.1955093686417214,0.2575068453213866,-0.3085450200460235,-0.8889945477388091,0.0068448868087178,-0.6438588914159594,-0.2454419402250762,-0.6591967241810995,-0.6421358543900505,0.3432966614332191,-0.1448174859683203,0.3900939143890513,-0.5135356219713061,-0.3102186726338612,0.2462780215378692
407,0.3785080652012031,1.0844950759083436,0.4873198836044717,0.2173204299040089,1.5613497850482505,1.566510636372923,1.4337862897410016,0.9358277102844592,-0.0168623536911893,1.13867488797564,-0.260123187543984,1.3501377932777083,0.0351178543217357,-0.1719891042831201,0.8323741112319718,1.3369818025915716,0.9382205262696242,1.3972518231379143,0.0614717052119415,0.834080571972797,0.1741171020825009,1.7347385638442712,0.3109280332127402,0.0506575450646549,1.7898810758907042,1.5422250422840205,1.5299855044747914,1.548450195944214,0.1815866332301355,1.260941639311911
408,-0.6780247444904439,-1.070369083193419,-0.6449987209576324,-0.6509840980407329,-1.0938328541697289,-0.1465135875647244,-0.270425487641638,-0.5811163904400259,-1.1413529203153656,0.677953569283755,-0.7679390373660369,-1.0435261103883935,-0.752970877872398,-0.6005824080640392,-0.0196604339081251,0.7646729188049589,0.274416927020539,0.5651162387395117,0.2491433857308795,1.1450031751757566,-0.790887487715683,-1.3153256500717554,-0.7747657772571847,-0.7150892319017741,-1.0989041638895458,0.1592572985356837,-0.0152968236675355,-0.1371341346070196,-0.4800856368303066,0.822602523168128
409,0.1938988377013185,-1.0680420160669593,0.1108414534226734,0.0734088376537506,-0.8283857556898828,-1.0268098061940387,-0.6859950311171453,-0.6063944931217127,-0.5572019766144952,-1.320868151810268,-0.6748214188485602,-1.0770914724878575,-0.5886207151283952,-0.4316092780313155,-0.1109974704372279,-0.7549636583589082,-0.5661136044961594,-0.2005133827732484,-0.5741904384812354,-0.7625183430146643,-0.1365066929169145,-1.3185825259008173,-0.1656453815340032,-0.2116230314353248,-0.809587280998049,-0.9743436763307084,-0.7776233121550109,-0.5337869964937373,-0.9168864019068824,-1.248286575478291
410,0.1285755725859746,-1.310056997218777,0.0956010793343515,0.011122990415002,0.1394642548532564,-0.2873230795865933,-0.082603119956031,-0.140039292626921,-0.2651265047640595,-0.9069277670163286,0.040884928128789,-1.0761843005392235,-0.1510136552919541,-0.0710012570370002,-0.6960211898115907,-0.4112429908503468,-0.0511850382454956,-0.5106582633521463,-0.6238326249410838,-0.5726361692824431,0.1016382165826377,-1.3739494149948617,0.0368983197333626,-0.0326675174427112,-0.441365793681598,-0.3910035562675873,-0.1102877895080139,-0.3463475826808584,-0.4444944633796229,-0.7462192692503928
411,0.262062244778199,-0.0511136818040322,0.2179359740433166,0.1337038130629496,-0.2996265219887419,-0.348157328495099,-0.1750077072665971,-0.1436504501528763,-0.9149944296312787,-0.5170866512001182,-0.0691959774829564,-0.0342066003380242,-0.1168565431553993,-0.0406388977342451,-0.6963545366602371,-0.5129619526171082,-0.0737318138443656,-0.3849457725317247,-1.0924064337206258,-0.7855916748825238,0.2714458911823175,0.3880204085273709,0.1947632633682213,0.151913317225505,-0.3405432435830461,-0.2809513853069331,0.0691395904128897,-0.0396839113411849,-1.0010109936994085,-0.7983101376669737
412,-0.7916304229519114,-0.1581587696211826,-0.7912239318050485,-0.7499588689954562,0.6077328628954509,-0.3667297783176337,-0.5747579871536107,-0.5927236824877392,0.4212508540844643,-0.0974758501761251,-0.5853130103511408,-0.3753032530244694,-0.6806964087138907,-0.4872736034196997,0.5120277896828195,-0.5068141032795566,-0.3615347729593534,-0.1177864533301324,0.4598199819263328,-0.9750955972726488,-0.7867458371156905,-0.4310838624815777,-0.8373160379426946,-0.7066512508883699,0.6983673813455107,-0.6161970159211804,-0.5267128316773838,-0.4444068698421046,0.2576223219656873,-0.8930711855311798
413,1.187948524239158,0.3002734542913951,1.187553287662521,1.1294241380988297,0.7429472026036845,0.3877286170243039,0.8550021219397663,1.1759696857604829,0.1766376464097241,-0.4802289457047679,0.5043074947041382,-0.5340583440354479,0.1742214559213285,0.594550459563246,-0.2883379939170918,-0.3749147902193608,-0.0916366062317035,-0.2167343493307221,-0.5996169242289627,-0.4046925733917932,1.1577591195806496,0.0851309564246582,1.0406810745436903,1.0765754032777128,0.7378196835579881,-0.0042306086139586,0.4975584414005017,0.5541533866849949,0.2802712505252136,-0.294580356915142
414,1.6366909541619543,0.2258073062446827,1.587098229977996,1.5901687615087483,0.5223343325534098,0.5052277893709511,0.6566335785284968,1.1708108892948328,-0.0351170706818415,-0.1300807434989355,0.3707667239620204,-0.6225983262221421,0.3900548021755008,0.4260173637233159,-0.6506860183956857,-0.1368253522378207,-0.0455483443457781,-0.0026175907720688,-1.2074310121032008,-0.1527771795558186,1.545003450679921,-0.0728275212848207,1.5857619176602786,1.345536048079971,0.4090504984540139,0.4875053922680399,0.7019329436633489,0.7109873397534475,-0.5690635704570165,0.4108629994072796
415,-0.3542485608752617,-0.2489143875531144,-0.3097104910145429,-0.4601448126653899,1.8104288318792057,1.1704247166882584,-0.5090954882902602,0.1060352987846006,-0.3746548067079729,1.3796675777529328,0.1350853096522829,-0.0868225733588055,0.1534301702729909,-0.1312859414497168,-0.5893501982447553,-0.1222940719854261,-0.5916445121595858,0.1044407885072576,-0.2884451700782074,-0.187576303028656,-0.2524729097166959,-0.212873181934462,-0.236833535361798,-0.3619245682365867,0.580010474708081,0.26612877091366,-0.7080592210092062,-0.0762277450658729,-0.5156768102809911,0.2762025629686711
416,-0.3911704063752388,-0.602628590775002,-0.3896194794776378,-0.4581539408358409,1.1485902217283823,0.1394642367434854,-0.6277399652039624,-0.4892898133514496,1.1258829299236393,0.4865770215194331,-0.0785799235351051,-0.3880036603053478,-0.1836856755964847,-0.2577957718778627,0.1560133553285066,-0.5515257348253857,-0.4019863409455615,-0.4212807376204658,-0.3017638054698739,-0.0627533601369568,-0.3767224277164624,-0.6411523534560403,-0.4060170975968921,-0.4508749514195557,0.6632986682677537,-0.3585604307242731,-0.6231430545760511,-0.5200830588469794,0.2754179086910291,0.0900054162881259
417,2.9829182439303428,0.5376343011902941,3.028755238332804,3.373421100261952,0.4725185231872183,2.013765550466612,1.7853254805964156,2.5324752164032427,0.6549112315648122,0.6510190921909993,2.1161806896616984,-0.5741553441650779,2.0711787560268067,2.190554476825457,-0.6840207032603215,0.3712105612016628,0.1265366047103033,0.6770409079860806,-0.2121657128350259,0.365048907773685,2.8268443113775086,0.2040069241854004,2.9320818143198286,3.096417108361337,0.0802813133500409,1.0466722031028088,0.9288558065044916,2.0235200343651583,0.4145470412709753,0.7073376228420765
418,-1.2156636178093387,-0.8399894376739001,-1.1932402861348463,-1.0286809251323206,-0.1024982477825283,-0.3818909618462333,-0.8223420172846381,-0.6386369710320273,-1.550258580905976,0.866494908933049,-0.5607703822147516,-0.0015484101871943,-0.4406065625366578,-0.5521786468567484,0.5636965512230055,-0.2826970501560881,-0.7053731008421213,-0.810259515668686,-0.278758889793359,-0.1138172913199245,-1.0414573490152113,-0.437597614139701,-0.9811816375193682,-0.8861341386943212,0.4178176767234535,-0.1906195455588817,-0.9012075182181788,-0.7510705411817779,-0.6450992591925692,0.451316546156327
419,-1.5780657321014195,-1.440372756300525,-1.5421212821567096,-1.2331719030531425,0.5152177883582394,-0.5310391048088319,-0.7928378351949872,-0.872330450925988,-0.4878340520500163,1.1996318624487203,-1.005064135683797,-0.9753067798511046,-0.8895993264186173,-0.7278843000392136,0.2853519326032943,-0.43918776056649,-0.4603427013191074,-0.7260726992353973,-0.559661018053963,0.0492090371234762,-1.4073721795245224,-1.176908427336645,-1.3094215769261874,-1.0635075312469215,1.390974464631216,-0.1957086632911662,-0.4643450258225242,-0.4489748490576905,0.1330532148882937,1.1611931678759042
420,-0.5076162267982429,-1.6335193277966875,-0.5366684943298285,-0.5301097369609702,-0.4504972589263486,-0.7821462070012628,-0.7434967987642096,-0.5790528718537657,-0.4476736746705818,-0.6687702853540619,-1.0415171568863753,-1.3084203193895692,-1.03692043615541,-0.690459391942122,-1.1200383812897612,-0.9115102583087424,-0.7679735601519251,-0.9823639708434824,-1.1202544895395652,-0.918736147300336,-0.550671752916135,-1.0433765183451265,-0.5969443218798061,-0.5549433839182073,-0.1388981433859418,-0.2981271576533936,-0.4465941887715257,-0.1158168982676183,0.3385113525354236,-0.4447572222437961
421,-0.0531935129523733,-1.4240832864153066,-0.0683359176157095,-0.1726060384262368,2.023925157734309,-0.1286991969186199,0.153179237339136,0.4444523469312635,0.6001470805928556,0.2512547479721943,0.5086385467282067,2.5730055800365594,0.6063831790403481,0.0968717875137396,0.999714229252445,0.3907719000029628,0.521768318149319,2.7143943076047807,-0.4107344586744187,0.6555459385034574,-0.3415183976165287,-1.6768388670975738,-0.3795077014016045,-0.3995439002546804,0.3082279483554621,-0.7497863563936509,-0.5578967346048135,-0.1995631838866948,-1.1983802282895646,-0.6326168434482747
422,-0.5843000597597333,-1.3612524740008924,-0.5823896165947953,-0.5963773278588166,0.9706766168491286,-0.2700772333228111,-0.6401693865949216,-0.5401039585381056,-0.5645038634107563,0.4653129606567311,-0.5553565671846658,-1.293361265042242,-0.5703045825334311,-0.4795730050458126,0.0953442288748691,-0.7795550557091142,-0.4613374120072928,-0.6180410619626223,-0.1116705548797239,-0.5904139823609579,-0.5838049577160727,-1.6133297884308762,-0.6058800734063075,-0.5813120745850954,0.8649437684648587,-0.579300912362117,-0.527672336382843,-0.6193604737990483,-0.1937384686134404,-0.189844461907336
423,-0.1270372039523271,-0.6887300744540142,-0.1733709282244168,-0.2257907573013325,-0.2555039479786863,-0.6024861821873574,-0.894909750254077,-0.7768927163114566,-0.6594283917621475,-0.1768616773968803,-0.7235457541193329,-1.3367240841869552,-0.7391100207735063,-0.5079552104809967,-1.0710363945387462,-1.0199918543468105,-0.8228152760938825,-1.089908979119533,-1.2110633672100188,-0.7935349530665409,-0.086806885717008,-0.8919317922937701,-0.1686239653761706,-0.1884185836484634,-0.261638639158092,-0.622558413086536,-0.7272493151183936,-0.41973978207794,-0.1532939533285723,-0.3394671690613451
424,1.801419187931082,0.321217058429534,1.7600970709805726,1.8319174836682732,-0.3416141327402452,0.5109132331941758,0.7972492548706623,1.3562696222349628,1.2938263262376395,-1.2202182637268095,1.5462864274946613,0.941910416392335,1.1395311467370075,1.3214869460581928,-0.7010213925412861,0.3024664276999504,0.2996162644545703,0.8424947668723127,0.9223398655278447,-0.4069620814443696,1.4414621856801155,0.239832558305076,1.3325822910760712,1.3437781353688452,-0.9936980246562742,-0.0055028880470296,0.1775636221297991,0.7109873397534475,0.5164672197888435,-1.1130719808650382
425,-0.8995558174903052,-0.3885384151407011,-0.8723686262753048,-0.8227678959046778,0.0362743640232889,-0.1292677413009424,-0.4541047148635918,-0.5426833567709308,-0.7032397125397131,0.1817921491540326,-0.9184430952024236,0.6643158001102811,-0.8420763877938453,-0.665487451501088,0.8200402778320569,0.4639871966592579,0.4017398951082757,0.2698946473934897,-0.8865729776675969,-0.0986872376360823,-0.9627659876153596,0.1356125317751108,-0.918333518449641,-0.8316388446494193,0.4572699789359308,-0.0207702412438835,-0.2873164076652691,-0.2435680503301734,-0.9896865294196452,-0.064604714437683
426,0.0405311717783372,0.7587056782039737,0.0741821752102225,-0.0713559853806006,0.5294508767485802,0.2095847105632587,0.7219194282587882,0.3216729910487852,0.4175999106863332,-0.4221071793467146,-0.7307641741594474,1.1505599645781923,-0.480704042001309,-0.4795730050458126,-0.3093388453818124,0.0196653581725811,0.4826430310806915,0.1563478814911737,-0.7303817080744163,-0.0147154396907574,-0.2027731025167898,1.399280353450945,-0.0882022016376575,-0.2677004469202402,0.2468577004693876,0.1210889155435492,0.7254408089471037,0.3287997453827521,-0.3280142593592031,-0.0241511676886363
427,-0.6922254542981275,1.1985213651048736,-0.6425273089433098,-0.7067285092681058,1.938526627392268,0.963853591111089,-0.5480158987063952,-0.0930942447895027,1.1660433073030747,1.5951433944949844,-0.3951076422941246,1.3809816395312695,-0.3505109913938611,-0.4265488848141897,1.9464192794081088,0.5293779577950333,-0.439122206637818,0.9511752428073862,-0.5984061391933567,0.7675083357638908,-0.6811337468158892,1.0605652672285557,-0.6297087441436445,-0.6906542452171245,1.9476902847406128,0.4506092887089765,-0.6365761204524824,0.2465761195022043,-0.1581472951627568,0.8730309170607753
428,-1.8172056852628085,1.4428634133831504,-1.8119170937202524,-1.354046264132905,-1.094544508589247,-1.0529628477808732,-1.1148728439607505,-1.2618195840825894,0.2131470803910286,1.4250309075933645,-0.0991524206494315,0.4447801885408137,-0.1851707674285088,-0.466371979262006,1.873082972705909,-0.8822800291856566,-1.057500684459768,-1.9134474512424744,1.002251677877844,1.1639157422805595,-1.489376861404368,0.8537536520831556,-1.4920087664510335,-1.1120259220739956,-0.2967073522358502,-1.0869404061575048,-1.3058306525103982,-1.7450628184932917,0.2543867607428982,0.8552978554721519
429,-1.827998224716648,1.431228077750852,-1.797088621634317,-1.3779367260874935,-0.6889014894645488,0.2948663679116316,0.0467130823943534,-0.9099896651252356,0.8228546278788124,2.0856343983946517,-0.6697685248204801,0.4756240347943755,-0.7034678168049273,-0.6294046476920168,2.8097876174021814,2.1848261157793565,2.010187077904136,0.2990923871969423,0.0614717052119415,1.4207484035637832,-1.5720027908742125,1.0117121297926346,-1.571834813421113,-1.1549189922254668,1.1937129535688316,0.3316511617168242,0.3219690803014355,-0.9837329492289582,-0.1791784431108877,1.2554000575654662
430,-0.734827583721178,-1.1285457613549137,-0.7133744533538888,-0.7166828684158509,0.2476357266198421,0.1451496805667104,-0.2690444408204203,-0.5927236824877392,0.0232980236882451,0.7119760666640794,-0.4575469756411148,0.9999694211049216,-0.612877215051456,-0.4285290386817606,1.7030760798962652,0.8742164160922401,0.7837087993714855,0.509964952444101,-0.2593863292236621,0.6494939170299208,-0.8302331684156088,-0.9766105638493672,-0.8483367981587132,-0.743215835279788,0.0934320807541996,-0.2701370101258284,-0.4437156746551476,-0.6916868113791599,-0.9249753049638562,-0.1444034915864886
431,0.0973340110090712,1.3265100570601611,0.1582101836971887,0.0042971441422625,-0.5686318925661726,0.3536159540849549,0.1519237402289381,-0.2584336715135966,0.2204489671872897,0.0868126773006281,-0.5448898581264999,-0.2501135241129549,-0.1242820023155197,-0.3790251919924861,0.032341674480707,1.1765788244209097,0.2120817238942513,-0.0285711372640268,0.0166726588945177,0.8760664709454594,-0.0101863496171523,0.9856571231601432,0.1858275118417199,-0.126012682403495,0.0715141350806013,1.055578159134307,0.6323688525175443,0.0897421664337516,0.4630804596128171,1.0171120424683402
432,0.1740178439705616,1.4265739434979328,0.112489061432222,0.0389951960286887,-0.9685816763347346,-0.6102562887457649,-0.5994912802245095,-0.4810357390064091,0.1036187784471152,-0.8502236047157884,-0.3683994881457011,0.3050757084511527,-0.3411054097910416,-0.2844178405418726,-0.7553569288706429,-0.7689360432169798,-0.4119334478274158,0.1449932049009419,-0.2230627781554804,-0.442139456259303,0.0498675840827351,1.076849646373863,0.0041338974695242,-0.0952492099587923,-1.1558908226409017,-0.7421526797952239,-0.5329496122628697,-0.0777504048044016,-0.2891875246857294,-0.7972018213176851
433,-0.260523876144551,2.040919664883316,-0.2919987049118984,-0.3313069642674313,-0.6867665262059975,-0.6741227743599907,-0.7398558571446355,-0.4170666628323448,-0.6703812219565387,-0.7070455949069261,-0.613825769509593,0.6897166146720377,-0.6569349394015049,-0.49475418469719,-0.6893542528386635,-0.657156964352407,-0.560808480825837,-0.4345819301975944,-0.3998373933539643,-0.9274359281685456,-0.3932890301164312,1.871527348664852,-0.440270811781814,-0.4412064315083635,-1.1032877530242655,-0.7389719812125461,-0.7963336539114687,-0.5333301985721787,-0.6920148969230159,-1.0814849649103029
434,-0.1440780557215474,0.9169462428032392,-0.1968493423604811,-0.2323321933127078,-0.2775652349837141,-0.698759697593965,-0.7414880033878928,-0.6316725958033993,-0.538947259623843,-0.6786935137566565,-0.2135643782852458,0.2161728574850049,-0.3960538075759342,-0.2001512926219075,-0.3910088233001708,-0.2508400126796848,-0.387397250852175,-0.4431790424730556,0.0396775745710326,-0.4584042639694336,-0.1903481507168131,0.5557495137240347,-0.2883630358312897,-0.2650635778535514,-0.4720509176246358,-0.6524569797637081,-0.8025704344969548,-0.6527067220728261,-0.4186099735973075,-0.7988642958416187
435,-1.0813249030286531,-0.684075940201094,-1.098090923583429,-0.9385228722798858,-0.1437742041145159,-1.030979131664404,-0.9878165364087222,-1.120081651188846,0.2679112313629853,-0.1116518907512594,-0.7029732570050067,-0.4533200406070074,-0.7475255411549763,-0.6021225277388166,0.0150076383510962,-1.0189299530975968,-0.7219516123118787,-1.022105338909293,-0.5984061391933567,-0.4497044831012242,-1.0393865237152151,-0.6362670397124479,-1.0764963204687166,-0.871367671920864,-0.1695832673289797,-1.055006192387419,-1.095507221073703,-1.382517534749616,-0.355516529752913,-0.5517097499501806
436,-1.0983657547978736,-0.6305533962925196,-1.0758482154545266,-0.9501836929958158,-0.5401657157854922,-0.4487896841661791,-0.5677272033365024,-0.6329622949198119,-0.5206925426331908,0.615578990753162,-1.049457418930501,-0.3517167823599813,-0.929350284455796,-0.7263001769451567,1.0763840044411075,0.2996719507283361,-0.1911076750502477,-0.1340074198876061,0.2697267313361824,0.7924729243422306,-1.126361186315051,-0.5922992160201187,-1.0776877540055836,-0.9197102714768254,0.6019284203816793,-0.188711126409275,-0.4504322075933633,-0.4762304583773536,-0.3393387236389658,0.6009392533103362
437,-1.26224194597854,0.0117171306103819,-1.2735611766003283,-1.0500116947346316,-0.8148643217190599,-1.024156599076534,-0.8214631693074995,-1.013810443996449,-0.8456265050667999,-0.0634533527958007,-0.3951076422941246,0.2651601427112495,-0.4019941749040307,-0.4861735179377158,0.1330124227719079,-0.7963219175388001,-0.2826210583633085,-0.3538015167413751,0.1801286387013348,0.1358285944634736,-1.1056529333150904,-0.0142037563617151,-1.1366637140804932,-0.9077564650411696,-0.5465719329148696,-1.0102219563433148,-0.8572622027081392,-1.1594478830551664,-0.5642102286228329,-0.2629933409604066
438,-0.9393178049518188,1.1449988211962985,-0.9506300067288516,-0.8341443063592436,-1.0276489931546466,-0.7262393427395518,-0.9205218913021144,-1.0513406882840552,0.6001470805928556,0.068383824552954,0.4129944811966897,1.2721210056951702,0.3455020472147773,-0.161428283656075,0.4073568792078622,-0.3788270579796207,-0.6340855015221646,-0.9536528600367538,0.4985651030657266,-0.3093732351835866,-0.670779620315909,0.9400608615532832,-0.6958333054397552,-0.6591876076879714,-0.524653987241272,-0.5786647726455816,-1.008672045229629,-1.2480666798375346,0.2560045413542927,-0.4259158443058842
439,-0.8512734041441816,0.7331079398129162,-0.843535486108209,-0.7863633824500671,-0.0498358207382699,-0.4245317905204196,-0.50922103800128,-0.6796494029339476,0.7972980240919001,0.3859271334359749,-0.4517722396090231,0.4538519080271556,-0.4316960115445131,-0.49475418469719,-1.1820408951379842,0.2812284027156815,0.0847587558065148,-0.2524204757571642,1.0385752289460255,0.3510536081161307,-0.8799329756155153,0.4205891668179857,-0.8775269198119513,-0.7804835847556564,-1.037533916003471,-0.4838799548817811,-0.555497972841165,-0.7685811281748576,0.4339604086077125,-0.2009276254002251
440,-0.3854901224521655,2.359727861208307,-0.4374001117545405,-0.4180520939834962,-0.967870021915218,-1.1750103751861,-0.8641500710542284,-0.8751677889820957,-0.995315184390148,-0.9111805791888684,-0.592892351393261,0.2724175183003228,-0.6876268372633366,-0.4747326289250835,0.5980312766335809,-0.7348434241632851,-0.617175419823012,-0.4040865130695437,-0.190371582194117,-0.7825656641457552,-0.4968302951162364,1.681000112664758,-0.5707327840687354,-0.5025575851266563,-0.3931463131996823,-0.9406282713543228,-0.8907009416933985,-0.755638520397364,-0.7987884172750677,-1.0587644797498794
441,-1.361646914632324,0.6167545834899268,-1.3575891850872943,-1.1117287214506515,-0.2818351615008165,-0.9151855924647244,-0.6131761987256666,-0.9311407306344022,-0.4367208444761907,0.4199496308162993,-0.3748960661818041,1.2013615937017057,-0.3688271239888253,-0.4945341676007933,1.2997263930341694,-0.3989472921752439,0.2674539522032411,0.1660804614256578,2.0641101541043514,0.3132284739065251,-1.330337478364667,-0.1021394037463735,-1.3225273458317228,-1.027997694482179,-0.9673964898479568,-1.0896121929669542,-0.922364596973558,-1.3546528615345417,-0.7534905601560155,-0.5550346989980478
442,-0.3542485608752617,2.241047437758858,-0.3900313814800252,-0.3998498372561908,-1.0767531481013213,-0.8736818525551829,-0.3370923841931469,-0.6574665781316511,-0.8967397126406266,-0.8105306911054112,-0.6986422049809379,0.2597171110194448,-0.675251071996469,-0.5171959285296612,0.4570255596561699,-0.2206596613862502,0.2349600697225166,-0.6774097995629762,-0.4349501593865397,-0.3759454713924928,-0.4926886445162439,1.6386607268869595,-0.5486912636366982,-0.5007996724155305,-0.4238314371427195,-0.586934588960544,-0.1357146642026874,-0.7563998502666283,-0.8554107386738831,-0.638712583369364
443,-1.0898453289132637,1.9362016441926253,-1.0832624514974938,-0.9484772314276312,-0.4312825895993888,-0.5261117201620371,-0.3617001275530258,-0.5555803479350566,-0.7981642408911043,-0.2165545910072584,-0.6686857618144629,1.8545253967183024,-0.7074280616903249,-0.569339980375697,1.669741395031629,0.1051763535039793,0.53536269755452,0.8781808932987546,-0.2557539741168441,0.4323776466667831,-1.1242903610150554,1.5035003799809097,-1.1226643700223076,-0.9193586889346002,0.2643920570082655,-0.5296820144723423,-0.3463259470510207,-0.3553312751381774,-1.091606707937513,-0.0618339235644609
444,-1.12676717441324,0.0698938087718765,-1.12198123972188,-0.9760650267799532,0.2803718299176249,-0.5552969984545914,-1.0517841141733055,-0.9739587412993,-0.075277448061276,0.0726366367254948,-0.5813428793290778,1.584188156025322,-0.6029766028379618,-0.5178559798188516,1.9564196848674995,-0.1820958791779726,-0.9191032707102332,-0.7646785996421849,0.626908316839968,-0.5737709233087313,-1.1636360417149811,-0.4555104311995387,-1.1730024369549323,-0.9374651898591966,-0.2572550500233728,-0.854113269905485,-1.2576155410610643,-1.405205164853693,-1.0333666059273023,-0.9157916706916038
445,-1.336085636978494,1.99903245660704,-1.3472916350276172,-1.0909667723710688,-1.0767531481013213,-1.0353379719288762,-1.1148728439607505,-1.2618195840825894,-0.2541736745696684,-0.3129516669181759,0.4775993405557143,3.1027939980389108,0.3722337001912114,-0.2470149341544207,1.5164018446543035,-0.7957630221444773,-1.057500684459768,-1.9134474512424744,1.1499674522217824,-0.1781200194762544,-1.196769246514919,1.3943950397073526,-1.214106893976839,-0.9668223321349988,-1.0989041638895458,-1.1621321206520097,-1.3058306525103982,-1.7450628184932917,-0.6887793357002264,-0.7899977650473066
446,0.1314157145475112,0.7889575508479507,0.1821004998356397,0.0062880159718117,-0.8276741012703661,0.5431307481924501,0.1770336824328962,-0.2981564042991043,-1.305645373231236,-0.1882025098569887,-0.6488351067041482,-0.1974975510921733,-0.3178389710893303,-0.457571295406135,-0.9330307991991528,1.1687542889003897,1.1235682845015116,0.691639777887807,-0.5039649064160848,0.2311479326716804,-0.1634274218168636,0.2593738132794447,-0.0405448601629829,-0.2585593008223856,-1.3049328532213698,0.3997181113861305,0.451022463185722,-0.0625238074191149,-1.0398377283728817,-0.2164440542902707
447,-0.7433480096057878,1.079840941655424,-0.7187291793849214,-0.714976406847666,-0.2668904186909591,-0.0424699655997097,0.2812399425793224,-0.2029766095078552,-1.5466076375078448,0.4114440064712177,-0.6004716924353811,3.0610640884017397,-0.4604077869636461,-0.5141156891801064,0.3863560277431419,0.2426646205074039,0.8450492918095878,0.1417490115894473,-0.6855826617569923,0.3567273782475716,-0.7846750118156944,1.8698989107503203,-0.7440863636828631,-0.7143860668173238,-0.1125966085776244,-0.0163172632281346,0.4356703878983717,-0.2752393728915696,-1.2760336976365112,0.1869830968509098
448,-0.0219519513754695,1.829156556375475,-0.0242624033602914,-0.1549726022216599,0.2084947335464067,0.1565205682131602,-0.5546700333904442,-0.1516465846746343,-1.0026170711864089,-0.1541800124766644,-0.146793992914187,0.4992105054588636,0.0108613543986751,-0.2309536861174561,0.0716766026209775,0.0727604206332534,-0.3708187393824176,0.7240817110027542,0.0312020793217902,0.5708176378739404,-0.2007022772167934,1.2201521828525663,-0.2103241391665103,-0.3056713614805588,-0.3624611892566444,-0.1772606115116347,-0.669679032790831,-0.1493154125152489,-1.0527799732640393,-0.0407759129279704
449,-0.8313924104134252,2.345765458449548,-0.87731145030395,-0.7647482025863918,-1.5564082268557884,-1.3031223760027666,-1.1148728439607505,-1.2618195840825894,-2.744117072094631,-1.1025571269531904,-0.3286981779250715,4.860893234491918,-0.4084295728428018,-0.3856257048843894,0.1843478374634473,-0.9277741142835376,-1.057500684459768,-1.9134474512424744,-0.0789793589183602,-0.7647878510672407,-0.9006412286154762,2.055540833006822,-0.955267958092514,-0.7752098466222788,-1.740223254299031,-1.267985769483529,-1.3058306525103982,-1.7450628184932917,-2.159341911458031,-1.3796220628690328
450,1.9292255762002333,1.3497807283247594,2.101975732961856,1.9684344091230643,0.9635600726539584,2.2601347828063547,2.870074983807408,2.540213411101718,1.2317602884694223,0.8494836602428879,2.010430836074021,-0.3462737506681761,2.916691039059206,1.72631840342826,-0.2140016466689533,0.9848777041681672,1.5436677651451634,2.3429341734386324,0.0033540235028513,0.9146481078392572,1.6609696674797023,0.6078595269890176,2.139778512303368,1.6496549471047466,0.3652146071068173,1.045399923669738,1.8600551231528175,2.1255382368465785,0.0456930618729784,0.8192775741202609
451,2.1109946617385806,0.7214726041806171,2.060785532723147,2.3438559541237387,1.04184205880083,0.2190604502686335,1.9472846078119457,2.320964561311578,-0.3125887689397551,-0.9310270359940576,2.7820799383622576,0.0710253457035387,2.379582826477149,2.6041866180513944,1.086384409900499,0.1918051396240234,0.6660013679362081,2.067177741961579,-1.1384162650736558,0.1679799585416385,1.9011854022792505,0.1176997147152724,1.7525626128216387,2.015300791018927,0.378365374510976,-0.2733177087085063,0.6645122601504334,1.6291511620862331,-1.3601582894290372,-0.7090906715492125
452,1.7048543612388345,2.085133940286052,1.615931370145092,1.7238415843498975,0.1024582250383712,-0.0178330423657352,0.693042994724236,1.263669225676539,-0.2176642405883639,-1.0586114011702723,1.3004992251287637,2.260938429706408,1.1568572181106225,1.2915646209482314,-0.4240101613161606,-0.0697579049190769,0.2522017216510642,0.8084307371016176,-0.189160797158511,-0.4905556280475985,1.5367201494799367,2.0473986434341684,1.4219398063410855,1.49495862852567,-0.6912303743606186,-0.3948203945668007,0.236573161515551,0.7338272358313775,-0.5318546163949384,-0.973978279029274
453,0.7022842488163854,2.045573799136235,0.6726757846786612,0.5779526413137479,-0.8404838808216722,-0.0386796697175597,0.0465875326833335,0.105777358961318,-0.8091170710854955,-0.8955869345562202,0.1848924079290727,-0.2573708997020283,0.2766927923309928,0.180698301240911,-0.3793416835975481,0.6612772708552292,0.5108265005792793,0.6121570417561856,-0.8914161178100212,0.0367267428343065,0.5613614331817722,1.3748537847329834,0.5790005790077833,0.4279056128722667,-0.809587280998049,0.3507353532128914,0.3267666038287324,0.4140686907403578,-1.1045489528286705,-0.3184091584248545
454,1.8383410334310597,2.3364571899437085,1.9825241522696,1.7352179948044637,1.5257670640723997,3.272143783340379,3.296944001274696,2.658865729811676,2.137194251205772,1.0436954161222356,1.1579354293365027,0.6860879268775011,1.438529635584531,1.0095027033675648,-0.1729999842854511,2.01771639287682,1.3022846381454958,0.7857213839211542,0.326633628009667,0.9040570702605678,1.961239335979137,2.2379258794342625,2.303600623622561,1.6531707725269982,1.4304267668436934,3.9048479494971406,3.1976046825631896,2.289985488607675,1.9190830098680691,2.21963528144686
455,-1.8084012451820448,1.221792036369471,-1.8143885057345748,-1.3477892383828938,-3.112084787919981,-1.1507524815403407,-1.1148728439607505,-1.2618195840825894,-0.8200699012798865,-0.5610323769830361,-0.0702787404889736,0.3830924960336906,-0.1574490532307252,-0.4661519621656093,0.0493423637616713,-1.1635161916089216,-1.057500684459768,-1.9134474512424744,0.7528299605429972,-0.3827539955502219,-1.410892582534516,0.7641895667839662,-1.4327349479919074,-1.0758129202248026,-1.8590185198499336,-1.2075524964126496,-1.3058306525103982,-1.7450628184932917,-0.0481382135879151,-0.7512066928221935
