ID,Diagnosis_0
300,1.0
301,0.0
302,0.0
303,0.0
304,0.0
305,1.0
306,0.0
307,0.0
308,1.0
309,0.0
310,1.0
311,0.0
312,0.0
313,0.0
314,0.0
315,0.0
316,0.0
317,1.0
318,0.0
319,0.0
320,0.0
321,0.0
322,0.0
323,0.0
324,1.0
325,0.0
326,0.0
327,0.0
328,0.0
329,0.0
330,0.0
331,0.0
332,0.0
333,0.0
334,0.0
335,0.0
336,0.0
337,0.0
338,0.0
339,0.0
340,0.0
341,0.0
342,1.0
343,0.0
344,1.0
345,0.0
346,1.0
347,0.0
348,0.0
349,0.0
350,1.0
351,0.0
352,0.0
353,1.0
354,0.0
355,1.0
356,0.0
357,1.0
358,0.0
359,1.0
360,0.0
361,0.0
362,0.0
363,0.0
364,0.0
365,0.0
366,0.0
367,0.0
368,0.0
369,0.0
370,0.0
371,0.0
372,0.0
373,1.0
374,0.0
375,0.0
376,0.0
377,0.0
378,0.0
379,0.0
380,0.0
381,0.0
382,0.0
383,1.0
384,0.0
385,0.0
386,0.0
387,0.0
388,0.0
389,0.0
390,0.0
391,1.0
392,0.0
393,0.0
394,1.0
395,0.0
396,0.0
397,0.0
398,0.0
399,1.0
